"Longitude (x)","Latitude (y)","Station Name","Climate ID","Date/Time (UTC)","Year","Month","Day","Time (UTC)","Flag","Temp (°C)","Temp Flag","Dew Point Temp (°C)","Dew Point Temp Flag","Rel Hum (%)","Rel Hum Flag","Precip. Amount (mm)","Precip. Amount Flag","Wind Dir (10s deg)","Wind Dir Flag","Wind Spd (km/h)","Wind Spd Flag","Visibility (km)","Visibility Flag","Stn Press (kPa)","Stn Press Flag","Hmdx","Hmdx Flag","Wind Chill","Wind Chill Flag","Weather"
"-123.30","49.11","SANDHEADS CS","1107010","2023-09-01 00:00","2023","09","01","00:00","","17.4","","14.5","","83","","","","32","","22","","","","","","","","","","NA"
"-123.30","49.11","SANDHEADS CS","1107010","2023-09-01 01:00","2023","09","01","01:00","","17.6","","14.7","","83","","","","32","","16","","","","","","","","","","NA"
"-123.30","49.11","SANDHEADS CS","1107010","2023-09-01 02:00","2023","09","01","02:00","","17.5","","15.1","","86","","","","33","","17","","","","","","","","","","NA"
"-123.30","49.11","SANDHEADS CS","1107010","2023-09-01 03:00","2023","09","01","03:00","","17.4","","15.1","","86","","","","32","","17","","","","","","","","","","NA"
"-123.30","49.11","SANDHEADS CS","1107010","2023-09-01 04:00","2023","09","01","04:00","","17.6","","14.9","","84","","","","32","","19","","","","","","","","","","NA"
"-123.30","49.11","SANDHEADS CS","1107010","2023-09-01 05:00","2023","09","01","05:00","","17.3","","15.0","","86","","","","35","","10","","","","","","","","","","NA"
"-123.30","49.11","SANDHEADS CS","1107010","2023-09-01 06:00","2023","09","01","06:00","","17.2","","15.4","","89","","","","36","","17","","","","","","","","","","NA"
"-123.30","49.11","SANDHEADS CS","1107010","2023-09-01 07:00","2023","09","01","07:00","","17.4","","15.2","","87","","","","31","","22","","","","","","","","","","NA"
"-123.30","49.11","SANDHEADS CS","1107010","2023-09-01 08:00","2023","09","01","08:00","","17.2","","15.2","","88","","","","31","","30","","","","","","","","","","NA"
"-123.30","49.11","SANDHEADS CS","1107010","2023-09-01 09:00","2023","09","01","09:00","","16.9","","14.7","","87","","","","31","","32","","","","","","","","","","NA"
"-123.30","49.11","SANDHEADS CS","1107010","2023-09-01 10:00","2023","09","01","10:00","","16.8","","14.3","","85","","","","31","","36","","","","","","","","","","NA"
"-123.30","49.11","SANDHEADS CS","1107010","2023-09-01 11:00","2023","09","01","11:00","","16.5","","14.3","","87","","","","31","","36","","","","","","","","","","NA"
"-123.30","49.11","SANDHEADS CS","1107010","2023-09-01 12:00","2023","09","01","12:00","","16.3","","14.4","","88","","","","31","","37","","","","","","","","","","NA"
"-123.30","49.11","SANDHEADS CS","1107010","2023-09-01 13:00","2023","09","01","13:00","","16.1","","14.3","","89","","","","31","","36","","","","","","","","","","NA"
"-123.30","49.11","SANDHEADS CS","1107010","2023-09-01 14:00","2023","09","01","14:00","","16.0","","14.2","","89","","","","31","","37","","","","","","","","","","NA"
"-123.30","49.11","SANDHEADS CS","1107010","2023-09-01 15:00","2023","09","01","15:00","","15.9","","14.2","","90","","","","31","","35","","","","","","","","","","NA"
"-123.30","49.11","SANDHEADS CS","1107010","2023-09-01 16:00","2023","09","01","16:00","","15.8","","14.0","","89","","","","31","","31","","","","","","","","","","NA"
"-123.30","49.11","SANDHEADS CS","1107010","2023-09-01 17:00","2023","09","01","17:00","","15.8","","14.1","","89","","","","31","","34","","","","","","","","","","NA"
"-123.30","49.11","SANDHEADS CS","1107010","2023-09-01 18:00","2023","09","01","18:00","","15.9","","14.0","","89","","","","31","","31","","","","","","","","","","NA"
"-123.30","49.11","SANDHEADS CS","1107010","2023-09-01 19:00","2023","09","01","19:00","","16.1","","14.0","","87","","","","31","","30","","","","","","","","","","NA"
"-123.30","49.11","SANDHEADS CS","1107010","2023-09-01 20:00","2023","09","01","20:00","","16.2","","14.2","","88","","","","32","","28","","","","","","","","","","NA"
"-123.30","49.11","SANDHEADS CS","1107010","2023-09-01 21:00","2023","09","01","21:00","","16.7","","14.2","","85","","","","31","","20","","","","","","","","","","NA"
"-123.30","49.11","SANDHEADS CS","1107010","2023-09-01 22:00","2023","09","01","22:00","","17.1","","14.5","","84","","","","31","","15","","","","","","","","","","NA"
"-123.30","49.11","SANDHEADS CS","1107010","2023-09-01 23:00","2023","09","01","23:00","","17.4","","14.8","","84","","","","32","","16","","","","","","","","","","NA"
"-123.30","49.11","SANDHEADS CS","1107010","2023-09-02 00:00","2023","09","02","00:00","","18.1","","15.1","","83","","","","30","","6","","","","","","","","","","NA"
"-123.30","49.11","SANDHEADS CS","1107010","2023-09-02 01:00","2023","09","02","01:00","","18.7","","14.5","","77","","","","24","","6","","","","","","","","","","NA"
"-123.30","49.11","SANDHEADS CS","1107010","2023-09-02 02:00","2023","09","02","02:00","","19.1","","14.1","","72","","","","30","","8","","","","","","","","","","NA"
"-123.30","49.11","SANDHEADS CS","1107010","2023-09-02 03:00","2023","09","02","03:00","","19.2","","13.6","","70","","","","30","","13","","","","","","","","","","NA"
"-123.30","49.11","SANDHEADS CS","1107010","2023-09-02 04:00","2023","09","02","04:00","","19.2","","13.9","","71","","","","33","","14","","","","","","","","","","NA"
"-123.30","49.11","SANDHEADS CS","1107010","2023-09-02 05:00","2023","09","02","05:00","","19.8","","14.0","","69","","","","34","","17","","","","","","","","","","NA"
"-123.30","49.11","SANDHEADS CS","1107010","2023-09-02 06:00","2023","09","02","06:00","","18.2","","14.6","","80","","","","","","0","","","","","","","","","","NA"
"-123.30","49.11","SANDHEADS CS","1107010","2023-09-02 07:00","2023","09","02","07:00","","18.0","","15.3","","84","","","","32","","5","","","","","","","","","","NA"
"-123.30","49.11","SANDHEADS CS","1107010","2023-09-02 08:00","2023","09","02","08:00","","18.2","","14.9","","81","","","","33","","25","","","","","","","","","","NA"
"-123.30","49.11","SANDHEADS CS","1107010","2023-09-02 09:00","2023","09","02","09:00","","18.3","","14.7","","80","","","","33","","19","","","","","","","","","","NA"
"-123.30","49.11","SANDHEADS CS","1107010","2023-09-02 10:00","2023","09","02","10:00","","17.7","","14.8","","83","","","","33","","17","","","","","","","","","","NA"
"-123.30","49.11","SANDHEADS CS","1107010","2023-09-02 11:00","2023","09","02","11:00","","17.4","","14.5","","83","","","","32","","31","","","","","","","","","","NA"
"-123.30","49.11","SANDHEADS CS","1107010","2023-09-02 12:00","2023","09","02","12:00","","17.0","","14.5","","85","","","","32","","25","","","","","","","","","","NA"
"-123.30","49.11","SANDHEADS CS","1107010","2023-09-02 13:00","2023","09","02","13:00","","17.1","","14.3","","83","","","","32","","27","","","","","","","","","","NA"
"-123.30","49.11","SANDHEADS CS","1107010","2023-09-02 14:00","2023","09","02","14:00","","16.7","","14.5","","86","","","","32","","24","","","","","","","","","","NA"
"-123.30","49.11","SANDHEADS CS","1107010","2023-09-02 15:00","2023","09","02","15:00","","16.6","","14.1","","85","","","","32","","26","","","","","","","","","","NA"
"-123.30","49.11","SANDHEADS CS","1107010","2023-09-02 16:00","2023","09","02","16:00","","16.3","","14.6","","89","","","","32","","27","","","","","","","","","","NA"
"-123.30","49.11","SANDHEADS CS","1107010","2023-09-02 17:00","2023","09","02","17:00","","16.3","","14.5","","89","","","","32","","25","","","","","","","","","","NA"
"-123.30","49.11","SANDHEADS CS","1107010","2023-09-02 18:00","2023","09","02","18:00","","16.3","","14.7","","90","","","","31","","21","","","","","","","","","","NA"
"-123.30","49.11","SANDHEADS CS","1107010","2023-09-02 19:00","2023","09","02","19:00","","16.3","","14.8","","91","","","","32","","18","","","","","","","","","","NA"
"-123.30","49.11","SANDHEADS CS","1107010","2023-09-02 20:00","2023","09","02","20:00","","16.5","","15.1","","91","","","","32","","14","","","","","","","","","","NA"
"-123.30","49.11","SANDHEADS CS","1107010","2023-09-02 21:00","2023","09","02","21:00","","16.9","","15.3","","91","","","","32","","10","","","","","","","","","","NA"
"-123.30","49.11","SANDHEADS CS","1107010","2023-09-02 22:00","2023","09","02","22:00","","17.2","","15.5","","90","","","","33","","10","","","","","","","","","","NA"
"-123.30","49.11","SANDHEADS CS","1107010","2023-09-02 23:00","2023","09","02","23:00","","17.3","","15.5","","89","","","","29","","10","","","","","","","","","","NA"
"-123.30","49.11","SANDHEADS CS","1107010","2023-09-03 00:00","2023","09","03","00:00","","18.1","","15.8","","86","","","","27","","6","","","","","","","","","","NA"
"-123.30","49.11","SANDHEADS CS","1107010","2023-09-03 01:00","2023","09","03","01:00","","18.4","","15.3","","82","","","","31","","7","","","","","","","","","","NA"
"-123.30","49.11","SANDHEADS CS","1107010","2023-09-03 02:00","2023","09","03","02:00","","18.5","","15.2","","81","","","","32","","6","","","","","","","","","","NA"
"-123.30","49.11","SANDHEADS CS","1107010","2023-09-03 03:00","2023","09","03","03:00","","17.9","","15.1","","84","","","","21","","3","","","","","","","","","","NA"
"-123.30","49.11","SANDHEADS CS","1107010","2023-09-03 04:00","2023","09","03","04:00","","18.2","","15.0","","81","","","","29","","5","","","","","","","","","","NA"
"-123.30","49.11","SANDHEADS CS","1107010","2023-09-03 05:00","2023","09","03","05:00","","18.1","","14.9","","82","","","","24","","9","","","","","","","","","","NA"
"-123.30","49.11","SANDHEADS CS","1107010","2023-09-03 06:00","2023","09","03","06:00","","18.2","","14.3","","78","","","","25","","14","","","","","","","","","","NA"
"-123.30","49.11","SANDHEADS CS","1107010","2023-09-03 07:00","2023","09","03","07:00","","18.7","","14.2","","75","","","","29","","15","","","","","","","","","","NA"
"-123.30","49.11","SANDHEADS CS","1107010","2023-09-03 08:00","2023","09","03","08:00","","18.6","","14.4","","76","","","","33","","9","","","","","","","","","","NA"
"-123.30","49.11","SANDHEADS CS","1107010","2023-09-03 09:00","2023","09","03","09:00","","18.4","","12.9","","70","","","","33","","20","","","","","","","","","","NA"
"-123.30","49.11","SANDHEADS CS","1107010","2023-09-03 10:00","2023","09","03","10:00","","18.2","","11.6","","65","","","","29","","12","","","","","","","","","","NA"
"-123.30","49.11","SANDHEADS CS","1107010","2023-09-03 11:00","2023","09","03","11:00","","17.6","","11.6","","68","","","","28","","17","","","","","","","","","","NA"
"-123.30","49.11","SANDHEADS CS","1107010","2023-09-03 12:00","2023","09","03","12:00","","17.4","","11.7","","69","","","","28","","10","","","","","","","","","","NA"
"-123.30","49.11","SANDHEADS CS","1107010","2023-09-03 13:00","2023","09","03","13:00","","17.2","","11.8","","71","","","","33","","17","","","","","","","","","","NA"
"-123.30","49.11","SANDHEADS CS","1107010","2023-09-03 14:00","2023","09","03","14:00","","16.6","","11.6","","72","","","","32","","10","","","","","","","","","","NA"
"-123.30","49.11","SANDHEADS CS","1107010","2023-09-03 15:00","2023","09","03","15:00","","17.8","","12.3","","70","","","","15","","4","","","","","","","","","","NA"
"-123.30","49.11","SANDHEADS CS","1107010","2023-09-03 16:00","2023","09","03","16:00","","17.2","","13.2","","77","","","","","","0","","","","","","","","","","NA"
"-123.30","49.11","SANDHEADS CS","1107010","2023-09-03 17:00","2023","09","03","17:00","","17.4","","12.6","","73","","","","","","0","","","","","","","","","","NA"
"-123.30","49.11","SANDHEADS CS","1107010","2023-09-03 18:00","2023","09","03","18:00","","16.7","","12.6","","77","","","","27","","7","","","","","","","","","","NA"
"-123.30","49.11","SANDHEADS CS","1107010","2023-09-03 19:00","2023","09","03","19:00","","16.4","","12.4","","77","","","","30","","19","","","","","","","","","","NA"
"-123.30","49.11","SANDHEADS CS","1107010","2023-09-03 20:00","2023","09","03","20:00","","16.6","","11.9","","74","","","","31","","18","","","","","","","","","","NA"
"-123.30","49.11","SANDHEADS CS","1107010","2023-09-03 21:00","2023","09","03","21:00","","15.6","","12.4","","81","","","","31","","23","","","","","","","","","","NA"
"-123.30","49.11","SANDHEADS CS","1107010","2023-09-03 22:00","2023","09","03","22:00","","15.4","","11.7","","79","","","","22","","11","","","","","","","","","","NA"
"-123.30","49.11","SANDHEADS CS","1107010","2023-09-03 23:00","2023","09","03","23:00","","14.7","","12.4","","86","","","","16","","6","","","","","","","","","","NA"
"-123.30","49.11","SANDHEADS CS","1107010","2023-09-04 00:00","2023","09","04","00:00","","14.9","","13.0","","89","","","","12","","8","","","","","","","","","","NA"
"-123.30","49.11","SANDHEADS CS","1107010","2023-09-04 01:00","2023","09","04","01:00","","15.3","","13.8","","91","","","","13","","8","","","","","","","","","","NA"
"-123.30","49.11","SANDHEADS CS","1107010","2023-09-04 02:00","2023","09","04","02:00","","15.4","","13.9","","91","","","","12","","9","","","","","","","","","","NA"
"-123.30","49.11","SANDHEADS CS","1107010","2023-09-04 03:00","2023","09","04","03:00","","15.2","","14.3","","94","","","","14","","9","","","","","","","","","","NA"
"-123.30","49.11","SANDHEADS CS","1107010","2023-09-04 04:00","2023","09","04","04:00","","15.4","","14.6","","95","","","","13","","10","","","","","","","","","","NA"
"-123.30","49.11","SANDHEADS CS","1107010","2023-09-04 05:00","2023","09","04","05:00","","15.2","","14.7","","96","","","","16","","7","","","","","","","","","","NA"
"-123.30","49.11","SANDHEADS CS","1107010","2023-09-04 06:00","2023","09","04","06:00","","15.2","","14.7","","97","","","","16","","3","","","","","","","","","","NA"
"-123.30","49.11","SANDHEADS CS","1107010","2023-09-04 07:00","2023","09","04","07:00","","15.2","","14.8","","97","","","","","","0","","","","","","","","","","NA"
"-123.30","49.11","SANDHEADS CS","1107010","2023-09-04 08:00","2023","09","04","08:00","","16.2","","13.4","","83","","","","29","","23","","","","","","","","","","NA"
"-123.30","49.11","SANDHEADS CS","1107010","2023-09-04 09:00","2023","09","04","09:00","","16.0","","12.2","","78","","","","31","","29","","","","","","","","","","NA"
"-123.30","49.11","SANDHEADS CS","1107010","2023-09-04 10:00","2023","09","04","10:00","","15.6","","10.7","","73","","","","31","","35","","","","","","","","","","NA"
"-123.30","49.11","SANDHEADS CS","1107010","2023-09-04 11:00","2023","09","04","11:00","","15.3","","11.1","","76","","","","30","","28","","","","","","","","","","NA"
"-123.30","49.11","SANDHEADS CS","1107010","2023-09-04 12:00","2023","09","04","12:00","","15.1","","10.9","","76","","","","29","","33","","","","","","","","","","NA"
"-123.30","49.11","SANDHEADS CS","1107010","2023-09-04 13:00","2023","09","04","13:00","","14.9","","11.0","","77","","","","30","","33","","","","","","","","","","NA"
"-123.30","49.11","SANDHEADS CS","1107010","2023-09-04 14:00","2023","09","04","14:00","","14.8","","10.0","","73","","","","28","","31","","","","","","","","","","NA"
"-123.30","49.11","SANDHEADS CS","1107010","2023-09-04 15:00","2023","09","04","15:00","","15.0","","10.0","","72","","","","28","","25","","","","","","","","","","NA"
"-123.30","49.11","SANDHEADS CS","1107010","2023-09-04 16:00","2023","09","04","16:00","","15.2","","10.2","","72","","","","27","","16","","","","","","","","","","NA"
"-123.30","49.11","SANDHEADS CS","1107010","2023-09-04 17:00","2023","09","04","17:00","","15.1","","10.3","","73","","","","28","","15","","","","","","","","","","NA"
"-123.30","49.11","SANDHEADS CS","1107010","2023-09-04 18:00","2023","09","04","18:00","","15.8","","11.9","","78","","","","16","","10","","","","","","","","","","NA"
"-123.30","49.11","SANDHEADS CS","1107010","2023-09-04 19:00","2023","09","04","19:00","","15.7","","11.2","","75","","","","14","","10","","","","","","","","","","NA"
"-123.30","49.11","SANDHEADS CS","1107010","2023-09-04 20:00","2023","09","04","20:00","","16.1","","11.0","","72","","","","14","","10","","","","","","","","","","NA"
"-123.30","49.11","SANDHEADS CS","1107010","2023-09-04 21:00","2023","09","04","21:00","","16.9","","11.5","","71","","","","16","","17","","","","","","","","","","NA"
"-123.30","49.11","SANDHEADS CS","1107010","2023-09-04 22:00","2023","09","04","22:00","","16.9","","11.2","","69","","","","15","","22","","","","","","","","","","NA"
"-123.30","49.11","SANDHEADS CS","1107010","2023-09-04 23:00","2023","09","04","23:00","","17.1","","10.9","","67","","","","15","","24","","","","","","","","","","NA"
"-123.30","49.11","SANDHEADS CS","1107010","2023-09-05 00:00","2023","09","05","00:00","","16.8","","11.9","","73","","","","15","","23","","","","","","","","","","NA"
"-123.30","49.11","SANDHEADS CS","1107010","2023-09-05 01:00","2023","09","05","01:00","","16.7","","12.1","","74","","","","15","","22","","","","","","","","","","NA"
"-123.30","49.11","SANDHEADS CS","1107010","2023-09-05 02:00","2023","09","05","02:00","","16.5","","13.2","","81","","","","15","","16","","","","","","","","","","NA"
"-123.30","49.11","SANDHEADS CS","1107010","2023-09-05 03:00","2023","09","05","03:00","","16.2","","13.6","","84","","","","15","","16","","","","","","","","","","NA"
"-123.30","49.11","SANDHEADS CS","1107010","2023-09-05 04:00","2023","09","05","04:00","","16.4","","13.4","","83","","","","14","","21","","","","","","","","","","NA"
"-123.30","49.11","SANDHEADS CS","1107010","2023-09-05 05:00","2023","09","05","05:00","","16.1","","12.9","","81","","","","12","","17","","","","","","","","","","NA"
"-123.30","49.11","SANDHEADS CS","1107010","2023-09-05 06:00","2023","09","05","06:00","","16.3","","12.6","","79","","","","15","","16","","","","","","","","","","NA"
"-123.30","49.11","SANDHEADS CS","1107010","2023-09-05 07:00","2023","09","05","07:00","","16.0","","12.3","","79","","","","14","","21","","","","","","","","","","NA"
"-123.30","49.11","SANDHEADS CS","1107010","2023-09-05 08:00","2023","09","05","08:00","","15.6","","13.1","","85","","","","11","","22","","","","","","","","","","NA"
"-123.30","49.11","SANDHEADS CS","1107010","2023-09-05 09:00","2023","09","05","09:00","","15.8","","13.1","","84","","","","13","","17","","","","","","","","","","NA"
"-123.30","49.11","SANDHEADS CS","1107010","2023-09-05 10:00","2023","09","05","10:00","","15.8","","12.0","","78","","","","15","","19","","","","","","","","","","NA"
"-123.30","49.11","SANDHEADS CS","1107010","2023-09-05 11:00","2023","09","05","11:00","","15.6","","11.3","","76","","","","16","","16","","","","","","","","","","NA"
"-123.30","49.11","SANDHEADS CS","1107010","2023-09-05 12:00","2023","09","05","12:00","","15.4","","11.1","","75","","","","15","","8","","","","","","","","","","NA"
"-123.30","49.11","SANDHEADS CS","1107010","2023-09-05 13:00","2023","09","05","13:00","","15.2","","11.3","","78","","","","17","","12","","","","","","","","","","NA"
"-123.30","49.11","SANDHEADS CS","1107010","2023-09-05 14:00","2023","09","05","14:00","","14.8","","11.6","","81","","","","16","","15","","","","","","","","","","NA"
"-123.30","49.11","SANDHEADS CS","1107010","2023-09-05 15:00","2023","09","05","15:00","","15.3","","11.4","","77","","","","16","","15","","","","","","","","","","NA"
"-123.30","49.11","SANDHEADS CS","1107010","2023-09-05 16:00","2023","09","05","16:00","","15.9","","11.5","","75","","","","17","","16","","","","","","","","","","NA"
"-123.30","49.11","SANDHEADS CS","1107010","2023-09-05 17:00","2023","09","05","17:00","","14.9","","12.2","","84","","","","14","","10","","","","","","","","","","NA"
"-123.30","49.11","SANDHEADS CS","1107010","2023-09-05 18:00","2023","09","05","18:00","","15.5","","11.9","","79","","","","16","","18","","","","","","","","","","NA"
"-123.30","49.11","SANDHEADS CS","1107010","2023-09-05 19:00","2023","09","05","19:00","","15.0","","11.5","","79","","","","15","","25","","","","","","","","","","NA"
"-123.30","49.11","SANDHEADS CS","1107010","2023-09-05 20:00","2023","09","05","20:00","","15.7","","11.8","","78","","","","15","","22","","","","","","","","","","NA"
"-123.30","49.11","SANDHEADS CS","1107010","2023-09-05 21:00","2023","09","05","21:00","","16.4","","10.0","","66","","","","15","","23","","","","","","","","","","NA"
"-123.30","49.11","SANDHEADS CS","1107010","2023-09-05 22:00","2023","09","05","22:00","","16.8","","10.3","","66","","","","15","","23","","","","","","","","","","NA"
"-123.30","49.11","SANDHEADS CS","1107010","2023-09-05 23:00","2023","09","05","23:00","","16.9","","10.6","","66","","","","15","","24","","","","","","","","","","NA"
"-123.30","49.11","SANDHEADS CS","1107010","2023-09-06 00:00","2023","09","06","00:00","","17.3","","11.6","","69","","","","15","","23","","","","","","","","","","NA"
"-123.30","49.11","SANDHEADS CS","1107010","2023-09-06 01:00","2023","09","06","01:00","","17.5","","10.8","","65","","","","15","","21","","","","","","","","","","NA"
"-123.30","49.11","SANDHEADS CS","1107010","2023-09-06 02:00","2023","09","06","02:00","","17.2","","11.5","","69","","","","14","","19","","","","","","","","","","NA"
"-123.30","49.11","SANDHEADS CS","1107010","2023-09-06 03:00","2023","09","06","03:00","","16.7","","10.9","","69","","","","12","","19","","","","","","","","","","NA"
"-123.30","49.11","SANDHEADS CS","1107010","2023-09-06 04:00","2023","09","06","04:00","","16.3","","11.9","","75","","","","10","","16","","","","","","","","","","NA"
"-123.30","49.11","SANDHEADS CS","1107010","2023-09-06 05:00","2023","09","06","05:00","","15.9","","11.6","","76","","","","10","","20","","","","","","","","","","NA"
"-123.30","49.11","SANDHEADS CS","1107010","2023-09-06 06:00","2023","09","06","06:00","","16.0","","11.3","","74","","","","10","","20","","","","","","","","","","NA"
"-123.30","49.11","SANDHEADS CS","1107010","2023-09-06 07:00","2023","09","06","07:00","","16.3","","10.5","","69","","","","9","","21","","","","","","","","","","NA"
"-123.30","49.11","SANDHEADS CS","1107010","2023-09-06 08:00","2023","09","06","08:00","","15.8","","10.4","","71","","","","10","","20","","","","","","","","","","NA"
"-123.30","49.11","SANDHEADS CS","1107010","2023-09-06 09:00","2023","09","06","09:00","","15.4","","11.0","","75","","","","11","","22","","","","","","","","","","NA"
"-123.30","49.11","SANDHEADS CS","1107010","2023-09-06 10:00","2023","09","06","10:00","","14.9","","10.8","","76","","","","11","","12","","","","","","","","","","NA"
"-123.30","49.11","SANDHEADS CS","1107010","2023-09-06 11:00","2023","09","06","11:00","","15.0","","10.7","","75","","","","10","","11","","","","","","","","","","NA"
"-123.30","49.11","SANDHEADS CS","1107010","2023-09-06 12:00","2023","09","06","12:00","","14.5","","10.4","","76","","","","11","","15","","","","","","","","","","NA"
"-123.30","49.11","SANDHEADS CS","1107010","2023-09-06 13:00","2023","09","06","13:00","","14.1","","10.9","","81","","","","10","","20","","","","","","","","","","NA"
"-123.30","49.11","SANDHEADS CS","1107010","2023-09-06 14:00","2023","09","06","14:00","","13.7","","11.3","","85","","","","10","","17","","","","","","","","","","NA"
"-123.30","49.11","SANDHEADS CS","1107010","2023-09-06 15:00","2023","09","06","15:00","","13.7","","11.1","","84","","","","11","","18","","","","","","","","","","NA"
"-123.30","49.11","SANDHEADS CS","1107010","2023-09-06 16:00","2023","09","06","16:00","","13.8","","11.3","","85","","","","11","","16","","","","","","","","","","NA"
"-123.30","49.11","SANDHEADS CS","1107010","2023-09-06 17:00","2023","09","06","17:00","","14.1","","11.1","","82","","","","12","","19","","","","","","","","","","NA"
"-123.30","49.11","SANDHEADS CS","1107010","2023-09-06 18:00","2023","09","06","18:00","","14.7","","11.3","","80","","","","15","","15","","","","","","","","","","NA"
"-123.30","49.11","SANDHEADS CS","1107010","2023-09-06 19:00","2023","09","06","19:00","","15.3","","12.0","","81","","","","14","","14","","","","","","","","","","NA"
"-123.30","49.11","SANDHEADS CS","1107010","2023-09-06 20:00","2023","09","06","20:00","","16.4","","12.1","","76","","","","16","","15","","","","","","","","","","NA"
"-123.30","49.11","SANDHEADS CS","1107010","2023-09-06 21:00","2023","09","06","21:00","","16.1","","12.3","","78","","","","16","","16","","","","","","","","","","NA"
"-123.30","49.11","SANDHEADS CS","1107010","2023-09-06 22:00","2023","09","06","22:00","","17.4","","12.6","","74","","","","16","","11","","","","","","","","","","NA"
"-123.30","49.11","SANDHEADS CS","1107010","2023-09-06 23:00","2023","09","06","23:00","","17.3","","11.9","","71","","","","15","","10","","","","","","","","","","NA"
"-123.30","49.11","SANDHEADS CS","1107010","2023-09-07 00:00","2023","09","07","00:00","","16.4","","10.9","","70","","","","24","","6","","","","","","","","","","NA"
"-123.30","49.11","SANDHEADS CS","1107010","2023-09-07 01:00","2023","09","07","01:00","","16.7","","12.1","","75","","","","30","","10","","","","","","","","","","NA"
"-123.30","49.11","SANDHEADS CS","1107010","2023-09-07 02:00","2023","09","07","02:00","","16.2","","12.9","","81","","","","29","","8","","","","","","","","","","NA"
"-123.30","49.11","SANDHEADS CS","1107010","2023-09-07 03:00","2023","09","07","03:00","","16.3","","12.5","","78","","","","31","","17","","","","","","","","","","NA"
"-123.30","49.11","SANDHEADS CS","1107010","2023-09-07 04:00","2023","09","07","04:00","","16.3","","13.2","","82","","","","31","","18","","","","","","","","","","NA"
"-123.30","49.11","SANDHEADS CS","1107010","2023-09-07 05:00","2023","09","07","05:00","","16.2","","13.5","","84","","","","31","","21","","","","","","","","","","NA"
"-123.30","49.11","SANDHEADS CS","1107010","2023-09-07 06:00","2023","09","07","06:00","","16.3","","13.7","","85","","","","32","","18","","","","","","","","","","NA"
"-123.30","49.11","SANDHEADS CS","1107010","2023-09-07 07:00","2023","09","07","07:00","","16.3","","13.6","","84","","","","31","","18","","","","","","","","","","NA"
"-123.30","49.11","SANDHEADS CS","1107010","2023-09-07 08:00","2023","09","07","08:00","","16.1","","14.0","","88","","","","31","","17","","","","","","","","","","NA"
"-123.30","49.11","SANDHEADS CS","1107010","2023-09-07 09:00","2023","09","07","09:00","","16.0","","14.1","","88","","","","30","","19","","","","","","","","","","NA"
"-123.30","49.11","SANDHEADS CS","1107010","2023-09-07 10:00","2023","09","07","10:00","","15.8","","13.4","","86","","","","31","","22","","","","","","","","","","NA"
"-123.30","49.11","SANDHEADS CS","1107010","2023-09-07 11:00","2023","09","07","11:00","","15.8","","13.5","","87","","","","31","","24","","","","","","","","","","NA"
"-123.30","49.11","SANDHEADS CS","1107010","2023-09-07 12:00","2023","09","07","12:00","","15.7","","13.4","","86","","","","31","","21","","","","","","","","","","NA"
"-123.30","49.11","SANDHEADS CS","1107010","2023-09-07 13:00","2023","09","07","13:00","","15.6","","13.4","","87","","","","32","","20","","","","","","","","","","NA"
"-123.30","49.11","SANDHEADS CS","1107010","2023-09-07 14:00","2023","09","07","14:00","","15.6","","13.8","","89","","","","32","","21","","","","","","","","","","NA"
"-123.30","49.11","SANDHEADS CS","1107010","2023-09-07 15:00","2023","09","07","15:00","","15.6","","13.8","","89","","","","33","","20","","","","","","","","","","NA"
"-123.30","49.11","SANDHEADS CS","1107010","2023-09-07 16:00","2023","09","07","16:00","","15.4","","13.7","","90","","","","32","","19","","","","","","","","","","NA"
"-123.30","49.11","SANDHEADS CS","1107010","2023-09-07 17:00","2023","09","07","17:00","","15.4","","13.6","","89","","","","32","","21","","","","","","","","","","NA"
"-123.30","49.11","SANDHEADS CS","1107010","2023-09-07 18:00","2023","09","07","18:00","","15.3","","13.4","","89","","","","31","","18","","","","","","","","","","NA"
"-123.30","49.11","SANDHEADS CS","1107010","2023-09-07 19:00","2023","09","07","19:00","","15.6","","14.1","","91","","","","31","","19","","","","","","","","","","NA"
"-123.30","49.11","SANDHEADS CS","1107010","2023-09-07 20:00","2023","09","07","20:00","","15.7","","13.9","","89","","","","31","","17","","","","","","","","","","NA"
"-123.30","49.11","SANDHEADS CS","1107010","2023-09-07 21:00","2023","09","07","21:00","","15.8","","13.7","","87","","","","30","","16","","","","","","","","","","NA"
"-123.30","49.11","SANDHEADS CS","1107010","2023-09-07 22:00","2023","09","07","22:00","","16.4","","14.1","","87","","","","31","","12","","","","","","","","","","NA"
"-123.30","49.11","SANDHEADS CS","1107010","2023-09-07 23:00","2023","09","07","23:00","","16.6","","14.0","","84","","","","30","","8","","","","","","","","","","NA"
"-123.30","49.11","SANDHEADS CS","1107010","2023-09-08 00:00","2023","09","08","00:00","","17.0","","14.0","","82","","","","32","","5","","","","","","","","","","NA"
"-123.30","49.11","SANDHEADS CS","1107010","2023-09-08 01:00","2023","09","08","01:00","","17.3","","13.9","","80","","","","30","","5","","","","","","","","","","NA"
"-123.30","49.11","SANDHEADS CS","1107010","2023-09-08 02:00","2023","09","08","02:00","","18.5","","13.8","","74","","","","20","","3","","","","","","","","","","NA"
"-123.30","49.11","SANDHEADS CS","1107010","2023-09-08 03:00","2023","09","08","03:00","","17.0","","13.5","","80","","","","18","","9","","","","","","","","","","NA"
"-123.30","49.11","SANDHEADS CS","1107010","2023-09-08 04:00","2023","09","08","04:00","","16.7","","14.1","","85","","","","17","","11","","","","","","","","","","NA"
"-123.30","49.11","SANDHEADS CS","1107010","2023-09-08 05:00","2023","09","08","05:00","","16.7","","14.5","","87","","","","12","","6","","","","","","","","","","NA"
"-123.30","49.11","SANDHEADS CS","1107010","2023-09-08 06:00","2023","09","08","06:00","","16.0","","13.9","","88","","","","13","","15","","","","","","","","","","NA"
"-123.30","49.11","SANDHEADS CS","1107010","2023-09-08 07:00","2023","09","08","07:00","","15.7","","13.6","","87","","","","10","","11","","","","","","","","","","NA"
"-123.30","49.11","SANDHEADS CS","1107010","2023-09-08 08:00","2023","09","08","08:00","","15.2","","13.8","","91","","","","9","","13","","","","","","","","","","NA"
"-123.30","49.11","SANDHEADS CS","1107010","2023-09-08 09:00","2023","09","08","09:00","","15.0","","13.0","","88","","","","11","","20","","","","","","","","","","NA"
"-123.30","49.11","SANDHEADS CS","1107010","2023-09-08 10:00","2023","09","08","10:00","","15.0","","13.0","","88","","","","12","","13","","","","","","","","","","NA"
"-123.30","49.11","SANDHEADS CS","1107010","2023-09-08 11:00","2023","09","08","11:00","","14.5","","13.3","","93","","","","11","","15","","","","","","","","","","NA"
"-123.30","49.11","SANDHEADS CS","1107010","2023-09-08 12:00","2023","09","08","12:00","","14.4","","12.9","","91","","","","11","","11","","","","","","","","","","NA"
"-123.30","49.11","SANDHEADS CS","1107010","2023-09-08 13:00","2023","09","08","13:00","","14.1","","13.0","","93","","","","10","","8","","","","","","","","","","NA"
"-123.30","49.11","SANDHEADS CS","1107010","2023-09-08 14:00","2023","09","08","14:00","","14.0","","12.8","","92","","","","9","","7","","","","","","","","","","NA"
"-123.30","49.11","SANDHEADS CS","1107010","2023-09-08 15:00","2023","09","08","15:00","","14.3","","12.7","","90","","","","10","","10","","","","","","","","","","NA"
"-123.30","49.11","SANDHEADS CS","1107010","2023-09-08 16:00","2023","09","08","16:00","","14.4","","12.5","","88","","","","11","","10","","","","","","","","","","NA"
"-123.30","49.11","SANDHEADS CS","1107010","2023-09-08 17:00","2023","09","08","17:00","","15.5","","12.4","","82","","","","15","","10","","","","","","","","","","NA"
"-123.30","49.11","SANDHEADS CS","1107010","2023-09-08 18:00","2023","09","08","18:00","","15.4","","13.2","","87","","","","16","","10","","","","","","","","","","NA"
"-123.30","49.11","SANDHEADS CS","1107010","2023-09-08 19:00","2023","09","08","19:00","","15.1","","13.4","","90","","","","17","","14","","","","","","","","","","NA"
"-123.30","49.11","SANDHEADS CS","1107010","2023-09-08 20:00","2023","09","08","20:00","","15.4","","13.9","","91","","","","19","","12","","","","","","","","","","NA"
"-123.30","49.11","SANDHEADS CS","1107010","2023-09-08 21:00","2023","09","08","21:00","","16.5","","14.0","","85","","","","18","","8","","","","","","","","","","NA"
"-123.30","49.11","SANDHEADS CS","1107010","2023-09-08 22:00","2023","09","08","22:00","","17.0","","13.7","","81","","","","20","","5","","","","","","","","","","NA"
"-123.30","49.11","SANDHEADS CS","1107010","2023-09-08 23:00","2023","09","08","23:00","","19.6","","13.3","","67","","","","","","0","","","","","","","","","","NA"
"-123.30","49.11","SANDHEADS CS","1107010","2023-09-09 00:00","2023","09","09","00:00","","18.4","","13.1","","71","","","","21","","3","","","","","","","","","","NA"
"-123.30","49.11","SANDHEADS CS","1107010","2023-09-09 01:00","2023","09","09","01:00","","17.9","","13.3","","75","","","","20","","8","","","","","","","","","","NA"
"-123.30","49.11","SANDHEADS CS","1107010","2023-09-09 02:00","2023","09","09","02:00","","17.6","","14.0","","79","","","","19","","10","","","","","","","","","","NA"
"-123.30","49.11","SANDHEADS CS","1107010","2023-09-09 03:00","2023","09","09","03:00","","16.9","","14.6","","86","","","","19","","8","","","","","","","","","","NA"
"-123.30","49.11","SANDHEADS CS","1107010","2023-09-09 04:00","2023","09","09","04:00","","16.9","","15.1","","89","","","","17","","10","","","","","","","","","","NA"
"-123.30","49.11","SANDHEADS CS","1107010","2023-09-09 05:00","2023","09","09","05:00","","16.7","","14.7","","88","","","","16","","5","","","","","","","","","","NA"
"-123.30","49.11","SANDHEADS CS","1107010","2023-09-09 06:00","2023","09","09","06:00","","16.6","","14.6","","88","","","","8","","10","","","","","","","","","","NA"
"-123.30","49.11","SANDHEADS CS","1107010","2023-09-09 07:00","2023","09","09","07:00","","16.4","","14.2","","87","","","","10","","9","","","","","","","","","","NA"
"-123.30","49.11","SANDHEADS CS","1107010","2023-09-09 08:00","2023","09","09","08:00","","15.6","","14.0","","90","","","","10","","13","","","","","","","","","","NA"
"-123.30","49.11","SANDHEADS CS","1107010","2023-09-09 09:00","2023","09","09","09:00","","15.8","","14.5","","92","","","","16","","9","","","","","","","","","","NA"
"-123.30","49.11","SANDHEADS CS","1107010","2023-09-09 10:00","2023","09","09","10:00","","15.4","","14.2","","93","","","","19","","5","","","","","","","","","","NA"
"-123.30","49.11","SANDHEADS CS","1107010","2023-09-09 11:00","2023","09","09","11:00","","15.5","","14.3","","93","","","","","","0","","","","","","","","","","NA"
"-123.30","49.11","SANDHEADS CS","1107010","2023-09-09 12:00","2023","09","09","12:00","","15.6","","14.4","","92","","","","","","0","","","","","","","","","","NA"
"-123.30","49.11","SANDHEADS CS","1107010","2023-09-09 13:00","2023","09","09","13:00","","15.8","","14.1","","90","","","","31","","6","","","","","","","","","","NA"
"-123.30","49.11","SANDHEADS CS","1107010","2023-09-09 14:00","2023","09","09","14:00","","16.0","","14.5","","91","","","","30","","13","","","","","","","","","","NA"
"-123.30","49.11","SANDHEADS CS","1107010","2023-09-09 15:00","2023","09","09","15:00","","16.1","","15.0","","93","","","","32","","12","","","","","","","","","","NA"
"-123.30","49.11","SANDHEADS CS","1107010","2023-09-09 16:00","2023","09","09","16:00","","15.9","","14.7","","92","","","","31","","14","","","","","","","","","","NA"
"-123.30","49.11","SANDHEADS CS","1107010","2023-09-09 17:00","2023","09","09","17:00","","16.0","","14.1","","88","","","","31","","15","","","","","","","","","","NA"
"-123.30","49.11","SANDHEADS CS","1107010","2023-09-09 18:00","2023","09","09","18:00","","16.0","","14.4","","90","","","","32","","12","","","","","","","","","","NA"
"-123.30","49.11","SANDHEADS CS","1107010","2023-09-09 19:00","2023","09","09","19:00","","16.3","","14.3","","88","","","","31","","13","","","","","","","","","","NA"
"-123.30","49.11","SANDHEADS CS","1107010","2023-09-09 20:00","2023","09","09","20:00","","16.4","","14.4","","88","","","","31","","12","","","","","","","","","","NA"
"-123.30","49.11","SANDHEADS CS","1107010","2023-09-09 21:00","2023","09","09","21:00","","16.8","","14.6","","87","","","","31","","10","","","","","","","","","","NA"
"-123.30","49.11","SANDHEADS CS","1107010","2023-09-09 22:00","2023","09","09","22:00","","17.6","","14.0","","80","","","","31","","8","","","","","","","","","","NA"
"-123.30","49.11","SANDHEADS CS","1107010","2023-09-09 23:00","2023","09","09","23:00","","18.1","","14.3","","79","","","","31","","7","","","","","","","","","","NA"
"-123.30","49.11","SANDHEADS CS","1107010","2023-09-10 00:00","2023","09","10","00:00","","18.5","","14.3","","76","","","","31","","5","","","","","","","","","","NA"
"-123.30","49.11","SANDHEADS CS","1107010","2023-09-10 01:00","2023","09","10","01:00","","18.6","","14.8","","79","","","","29","","7","","","","","","","","","","NA"
"-123.30","49.11","SANDHEADS CS","1107010","2023-09-10 02:00","2023","09","10","02:00","","18.6","","14.8","","78","","","","30","","6","","","","","","","","","","NA"
"-123.30","49.11","SANDHEADS CS","1107010","2023-09-10 03:00","2023","09","10","03:00","","18.1","","16.0","","88","","","","31","","8","","","","","","","","","","NA"
"-123.30","49.11","SANDHEADS CS","1107010","2023-09-10 04:00","2023","09","10","04:00","","18.3","","15.1","","82","","","","32","","5","","","","","","","","","","NA"
"-123.30","49.11","SANDHEADS CS","1107010","2023-09-10 05:00","2023","09","10","05:00","","18.1","","15.6","","85","","","","","","0","","","","","","","","","","NA"
"-123.30","49.11","SANDHEADS CS","1107010","2023-09-10 06:00","2023","09","10","06:00","","17.1","","16.0","","93","","","","22","","4","","","","","","","","","","NA"
"-123.30","49.11","SANDHEADS CS","1107010","2023-09-10 07:00","2023","09","10","07:00","","17.4","","15.6","","89","","","","25","","4","","","","","","","","","","NA"
"-123.30","49.11","SANDHEADS CS","1107010","2023-09-10 08:00","2023","09","10","08:00","","17.0","","15.4","","90","","","","16","","13","","","","","","","","","","NA"
"-123.30","49.11","SANDHEADS CS","1107010","2023-09-10 09:00","2023","09","10","09:00","","16.9","","14.8","","88","","","","11","","13","","","","","","","","","","NA"
"-123.30","49.11","SANDHEADS CS","1107010","2023-09-10 10:00","2023","09","10","10:00","","15.8","","13.8","","88","","","","11","","14","","","","","","","","","","NA"
"-123.30","49.11","SANDHEADS CS","1107010","2023-09-10 11:00","2023","09","10","11:00","","15.9","","14.1","","89","","","","10","","14","","","","","","","","","","NA"
"-123.30","49.11","SANDHEADS CS","1107010","2023-09-10 12:00","2023","09","10","12:00","","15.9","","13.5","","86","","","","10","","11","","","","","","","","","","NA"
"-123.30","49.11","SANDHEADS CS","1107010","2023-09-10 13:00","2023","09","10","13:00","","15.9","","13.5","","86","","","","14","","9","","","","","","","","","","NA"
"-123.30","49.11","SANDHEADS CS","1107010","2023-09-10 14:00","2023","09","10","14:00","","15.9","","14.1","","89","","","","10","","11","","","","","","","","","","NA"
"-123.30","49.11","SANDHEADS CS","1107010","2023-09-10 15:00","2023","09","10","15:00","","16.7","","13.6","","82","","","","11","","18","","","","","","","","","","NA"
"-123.30","49.11","SANDHEADS CS","1107010","2023-09-10 16:00","2023","09","10","16:00","","16.5","","12.8","","79","","","","13","","16","","","","","","","","","","NA"
"-123.30","49.11","SANDHEADS CS","1107010","2023-09-10 17:00","2023","09","10","17:00","","17.1","","13.6","","80","","","","12","","19","","","","","","","","","","NA"
"-123.30","49.11","SANDHEADS CS","1107010","2023-09-10 18:00","2023","09","10","18:00","","16.7","","13.5","","82","","","","14","","19","","","","","","","","","","NA"
"-123.30","49.11","SANDHEADS CS","1107010","2023-09-10 19:00","2023","09","10","19:00","","17.4","","13.8","","79","","","","13","","16","","","","","","","","","","NA"
"-123.30","49.11","SANDHEADS CS","1107010","2023-09-10 20:00","2023","09","10","20:00","","17.1","","14.1","","82","","","","14","","20","","","","","","","","","","NA"
"-123.30","49.11","SANDHEADS CS","1107010","2023-09-10 21:00","2023","09","10","21:00","","17.4","","14.0","","80","","","","14","","20","","","","","","","","","","NA"
"-123.30","49.11","SANDHEADS CS","1107010","2023-09-10 22:00","2023","09","10","22:00","","18.3","","12.9","","71","","","","14","","23","","","","","","","","","","NA"
"-123.30","49.11","SANDHEADS CS","1107010","2023-09-10 23:00","2023","09","10","23:00","","18.6","","13.0","","70","","","","15","","18","","","","","","","","","","NA"
"-123.30","49.11","SANDHEADS CS","1107010","2023-09-11 00:00","2023","09","11","00:00","","18.5","","14.0","","75","","","","14","","18","","","","","","","","","","NA"
"-123.30","49.11","SANDHEADS CS","1107010","2023-09-11 01:00","2023","09","11","01:00","","19.1","","13.4","","70","","","","14","","19","","","","","","","","","","NA"
"-123.30","49.11","SANDHEADS CS","1107010","2023-09-11 02:00","2023","09","11","02:00","","18.8","","13.6","","72","","","","14","","18","","","","","","","","","","NA"
"-123.30","49.11","SANDHEADS CS","1107010","2023-09-11 03:00","2023","09","11","03:00","","19.0","","13.4","","70","","","","13","","14","","","","","","","","","","NA"
"-123.30","49.11","SANDHEADS CS","1107010","2023-09-11 04:00","2023","09","11","04:00","","18.9","","13.8","","72","","","","12","","13","","","","","","","","","","NA"
"-123.30","49.11","SANDHEADS CS","1107010","2023-09-11 05:00","2023","09","11","05:00","","17.8","","13.6","","76","","","","10","","13","","","","","","","","","","NA"
"-123.30","49.11","SANDHEADS CS","1107010","2023-09-11 06:00","2023","09","11","06:00","","17.5","","13.6","","78","","","","10","","17","","","","","","","","","","NA"
"-123.30","49.11","SANDHEADS CS","1107010","2023-09-11 07:00","2023","09","11","07:00","","17.6","","14.7","","83","","","","14","","13","","","","","","","","","","NA"
"-123.30","49.11","SANDHEADS CS","1107010","2023-09-11 08:00","2023","09","11","08:00","","17.5","","14.9","","85","","","","16","","14","","","","","","","","","","NA"
"-123.30","49.11","SANDHEADS CS","1107010","2023-09-11 09:00","2023","09","11","09:00","","17.6","","15.5","","87","","","","22","","14","","","","","","","","","","NA"
"-123.30","49.11","SANDHEADS CS","1107010","2023-09-11 10:00","2023","09","11","10:00","","16.9","","15.9","","94","","","","30","","18","","","","","","","","","","NA"
"-123.30","49.11","SANDHEADS CS","1107010","2023-09-11 11:00","2023","09","11","11:00","","17.1","","15.8","","92","","","","33","","19","","","","","","","","","","NA"
"-123.30","49.11","SANDHEADS CS","1107010","2023-09-11 12:00","2023","09","11","12:00","","17.2","","15.7","","91","","","","32","","17","","","","","","","","","","NA"
"-123.30","49.11","SANDHEADS CS","1107010","2023-09-11 13:00","2023","09","11","13:00","","16.9","","15.3","","91","","","","3","","6","","","","","","","","","","NA"
"-123.30","49.11","SANDHEADS CS","1107010","2023-09-11 14:00","2023","09","11","14:00","","16.2","","14.5","","90","","","","10","","6","","","","","","","","","","NA"
"-123.30","49.11","SANDHEADS CS","1107010","2023-09-11 15:00","2023","09","11","15:00","","15.8","","13.3","","85","","","","7","","10","","","","","","","","","","NA"
"-123.30","49.11","SANDHEADS CS","1107010","2023-09-11 16:00","2023","09","11","16:00","","15.3","","13.9","","91","","","","8","","12","","","","","","","","","","NA"
"-123.30","49.11","SANDHEADS CS","1107010","2023-09-11 17:00","2023","09","11","17:00","","16.0","","13.7","","86","","","","6","","13","","","","","","","","","","NA"
"-123.30","49.11","SANDHEADS CS","1107010","2023-09-11 18:00","2023","09","11","18:00","","16.6","","13.9","","84","","","","5","","8","","","","","","","","","","NA"
"-123.30","49.11","SANDHEADS CS","1107010","2023-09-11 19:00","2023","09","11","19:00","","17.7","","14.3","","80","","","","19","","3","","","","","","","","","","NA"
"-123.30","49.11","SANDHEADS CS","1107010","2023-09-11 20:00","2023","09","11","20:00","","16.8","","14.3","","85","","","","25","","7","","","","","","","","","","NA"
"-123.30","49.11","SANDHEADS CS","1107010","2023-09-11 21:00","2023","09","11","21:00","","17.4","","14.9","","85","","","","32","","3","","","","","","","","","","NA"
"-123.30","49.11","SANDHEADS CS","1107010","2023-09-11 22:00","2023","09","11","22:00","","18.6","","15.4","","82","","","","","","0","","","","","","","","","","NA"
"-123.30","49.11","SANDHEADS CS","1107010","2023-09-11 23:00","2023","09","11","23:00","","17.9","","14.7","","82","","","","22","","3","","","","","","","","","","NA"
"-123.30","49.11","SANDHEADS CS","1107010","2023-09-12 00:00","2023","09","12","00:00","","18.9","","14.9","","78","","","","14","","6","","","","","","","","","","NA"
"-123.30","49.11","SANDHEADS CS","1107010","2023-09-12 01:00","2023","09","12","01:00","","19.7","","15.8","","78","","","","16","","14","","","","","","","","","","NA"
"-123.30","49.11","SANDHEADS CS","1107010","2023-09-12 02:00","2023","09","12","02:00","","17.9","","15.4","","85","","","","16","","14","","","","","","","","","","NA"
"-123.30","49.11","SANDHEADS CS","1107010","2023-09-12 03:00","2023","09","12","03:00","","17.6","","15.0","","84","","","","14","","15","","","","","","","","","","NA"
"-123.30","49.11","SANDHEADS CS","1107010","2023-09-12 04:00","2023","09","12","04:00","","17.4","","15.0","","85","","","","10","","13","","","","","","","","","","NA"
"-123.30","49.11","SANDHEADS CS","1107010","2023-09-12 05:00","2023","09","12","05:00","","17.2","","14.4","","84","","","","9","","16","","","","","","","","","","NA"
"-123.30","49.11","SANDHEADS CS","1107010","2023-09-12 06:00","2023","09","12","06:00","","16.3","","13.8","","85","","","","9","","18","","","","","","","","","","NA"
"-123.30","49.11","SANDHEADS CS","1107010","2023-09-12 07:00","2023","09","12","07:00","","16.0","","12.5","","80","","","","11","","18","","","","","","","","","","NA"
"-123.30","49.11","SANDHEADS CS","1107010","2023-09-12 08:00","2023","09","12","08:00","","15.9","","11.8","","77","","","","11","","21","","","","","","","","","","NA"
"-123.30","49.11","SANDHEADS CS","1107010","2023-09-12 09:00","2023","09","12","09:00","","15.2","","12.7","","85","","","","11","","21","","","","","","","","","","NA"
"-123.30","49.11","SANDHEADS CS","1107010","2023-09-12 10:00","2023","09","12","10:00","","15.4","","12.4","","82","","","","13","","18","","","","","","","","","","NA"
"-123.30","49.11","SANDHEADS CS","1107010","2023-09-12 11:00","2023","09","12","11:00","","14.8","","11.6","","81","","","","11","","17","","","","","","","","","","NA"
"-123.30","49.11","SANDHEADS CS","1107010","2023-09-12 12:00","2023","09","12","12:00","","14.6","","11.5","","82","","","","11","","23","","","","","","","","","","NA"
"-123.30","49.11","SANDHEADS CS","1107010","2023-09-12 13:00","2023","09","12","13:00","","14.6","","11.5","","82","","","","11","","22","","","","","","","","","","NA"
"-123.30","49.11","SANDHEADS CS","1107010","2023-09-12 14:00","2023","09","12","14:00","","14.9","","11.8","","81","","","","11","","21","","","","","","","","","","NA"
"-123.30","49.11","SANDHEADS CS","1107010","2023-09-12 15:00","2023","09","12","15:00","","14.7","","11.7","","83","","","","11","","18","","","","","","","","","","NA"
"-123.30","49.11","SANDHEADS CS","1107010","2023-09-12 16:00","2023","09","12","16:00","","14.9","","10.7","","76","","","","18","","12","","","","","","","","","","NA"
"-123.30","49.11","SANDHEADS CS","1107010","2023-09-12 17:00","2023","09","12","17:00","","14.6","","11.5","","82","","","","","","0","","","","","","","","","","NA"
"-123.30","49.11","SANDHEADS CS","1107010","2023-09-12 18:00","2023","09","12","18:00","","14.5","","11.4","","81","","","","6","","8","","","","","","","","","","NA"
"-123.30","49.11","SANDHEADS CS","1107010","2023-09-12 19:00","2023","09","12","19:00","","15.0","","10.5","","74","","","","9","","14","","","","","","","","","","NA"
"-123.30","49.11","SANDHEADS CS","1107010","2023-09-12 20:00","2023","09","12","20:00","","15.3","","11.7","","79","","","","13","","13","","","","","","","","","","NA"
"-123.30","49.11","SANDHEADS CS","1107010","2023-09-12 21:00","2023","09","12","21:00","","15.7","","12.1","","79","","","","13","","11","","","","","","","","","","NA"
"-123.30","49.11","SANDHEADS CS","1107010","2023-09-12 22:00","2023","09","12","22:00","","16.5","","12.6","","78","","","","16","","9","","","","","","","","","","NA"
"-123.30","49.11","SANDHEADS CS","1107010","2023-09-12 23:00","2023","09","12","23:00","","16.5","","12.6","","78","","","","15","","13","","","","","","","","","","NA"
"-123.30","49.11","SANDHEADS CS","1107010","2023-09-13 00:00","2023","09","13","00:00","","16.0","","12.3","","78","","","","13","","8","","","","","","","","","","NA"
"-123.30","49.11","SANDHEADS CS","1107010","2023-09-13 01:00","2023","09","13","01:00","","16.4","","12.8","","79","","","","14","","6","","","","","","","","","","NA"
"-123.30","49.11","SANDHEADS CS","1107010","2023-09-13 02:00","2023","09","13","02:00","","16.4","","13.2","","81","","","","15","","6","","","","","","","","","","NA"
"-123.30","49.11","SANDHEADS CS","1107010","2023-09-13 03:00","2023","09","13","03:00","","16.3","","13.0","","81","","","","15","","7","","","","","","","","","","NA"
"-123.30","49.11","SANDHEADS CS","1107010","2023-09-13 04:00","2023","09","13","04:00","","16.9","","12.9","","77","","","","13","","6","","","","","","","","","","NA"
"-123.30","49.11","SANDHEADS CS","1107010","2023-09-13 05:00","2023","09","13","05:00","","16.4","","13.6","","83","","","","14","","8","","","","","","","","","","NA"
"-123.30","49.11","SANDHEADS CS","1107010","2023-09-13 06:00","2023","09","13","06:00","","16.6","","14.2","","86","","","","14","","8","","","","","","","","","","NA"
"-123.30","49.11","SANDHEADS CS","1107010","2023-09-13 07:00","2023","09","13","07:00","","16.5","","14.1","","86","","","","16","","6","","","","","","","","","","NA"
"-123.30","49.11","SANDHEADS CS","1107010","2023-09-13 08:00","2023","09","13","08:00","","16.3","","14.0","","87","","","","12","","5","","","","","","","","","","NA"
"-123.30","49.11","SANDHEADS CS","1107010","2023-09-13 09:00","2023","09","13","09:00","","15.9","","13.9","","88","","","","24","","4","","","","","","","","","","NA"
"-123.30","49.11","SANDHEADS CS","1107010","2023-09-13 10:00","2023","09","13","10:00","","16.2","","14.5","","90","","","","36","","4","","","","","","","","","","NA"
"-123.30","49.11","SANDHEADS CS","1107010","2023-09-13 11:00","2023","09","13","11:00","","16.1","","14.7","","91","","","","30","","6","","","","","","","","","","NA"
"-123.30","49.11","SANDHEADS CS","1107010","2023-09-13 12:00","2023","09","13","12:00","","16.0","","14.9","","93","","","","32","","8","","","","","","","","","","NA"
"-123.30","49.11","SANDHEADS CS","1107010","2023-09-13 13:00","2023","09","13","13:00","","16.1","","14.8","","92","","","","36","","3","","","","","","","","","","NA"
"-123.30","49.11","SANDHEADS CS","1107010","2023-09-13 14:00","2023","09","13","14:00","","15.9","","14.1","","89","","","","3","","4","","","","","","","","","","NA"
"-123.30","49.11","SANDHEADS CS","1107010","2023-09-13 15:00","2023","09","13","15:00","","15.8","","14.7","","93","","","","32","","14","","","","","","","","","","NA"
"-123.30","49.11","SANDHEADS CS","1107010","2023-09-13 16:00","2023","09","13","16:00","","15.8","","14.6","","92","","","","33","","10","","","","","","","","","","NA"
"-123.30","49.11","SANDHEADS CS","1107010","2023-09-13 17:00","2023","09","13","17:00","","15.9","","14.9","","94","","","","30","","14","","","","","","","","","","NA"
"-123.30","49.11","SANDHEADS CS","1107010","2023-09-13 18:00","2023","09","13","18:00","","16.0","","14.9","","93","","","","30","","12","","","","","","","","","","NA"
"-123.30","49.11","SANDHEADS CS","1107010","2023-09-13 19:00","2023","09","13","19:00","","16.1","","14.9","","93","","","","31","","11","","","","","","","","","","NA"
"-123.30","49.11","SANDHEADS CS","1107010","2023-09-13 20:00","2023","09","13","20:00","","16.1","","14.7","","91","","","","32","","11","","","","","","","","","","NA"
"-123.30","49.11","SANDHEADS CS","1107010","2023-09-13 21:00","2023","09","13","21:00","","16.3","","14.5","","89","","","","30","","9","","","","","","","","","","NA"
"-123.30","49.11","SANDHEADS CS","1107010","2023-09-13 22:00","2023","09","13","22:00","","16.6","","14.3","","86","","","","29","","10","","","","","","","","","","NA"
"-123.30","49.11","SANDHEADS CS","1107010","2023-09-13 23:00","2023","09","13","23:00","","16.8","","14.5","","86","","","","30","","11","","","","","","","","","","NA"
"-123.30","49.11","SANDHEADS CS","1107010","2023-09-14 00:00","2023","09","14","00:00","","17.1","","14.4","","84","","","","29","","8","","","","","","","","","","NA"
"-123.30","49.11","SANDHEADS CS","1107010","2023-09-14 01:00","2023","09","14","01:00","","17.3","","14.9","","86","","","","27","","11","","","","","","","","","","NA"
"-123.30","49.11","SANDHEADS CS","1107010","2023-09-14 02:00","2023","09","14","02:00","","17.3","","14.7","","85","","","","29","","14","","","","","","","","","","NA"
"-123.30","49.11","SANDHEADS CS","1107010","2023-09-14 03:00","2023","09","14","03:00","","17.1","","14.7","","86","","","","32","","9","","","","","","","","","","NA"
"-123.30","49.11","SANDHEADS CS","1107010","2023-09-14 04:00","2023","09","14","04:00","","17.3","","14.4","","83","","","","27","","15","","","","","","","","","","NA"
"-123.30","49.11","SANDHEADS CS","1107010","2023-09-14 05:00","2023","09","14","05:00","","17.2","","14.3","","84","","","","27","","13","","","","","","","","","","NA"
"-123.30","49.11","SANDHEADS CS","1107010","2023-09-14 06:00","2023","09","14","06:00","","17.1","","14.5","","84","","","","30","","11","","","","","","","","","","NA"
"-123.30","49.11","SANDHEADS CS","1107010","2023-09-14 07:00","2023","09","14","07:00","","16.9","","14.1","","84","","","","30","","16","","","","","","","","","","NA"
"-123.30","49.11","SANDHEADS CS","1107010","2023-09-14 08:00","2023","09","14","08:00","","16.7","","15.0","","90","","","","31","","13","","","","","","","","","","NA"
"-123.30","49.11","SANDHEADS CS","1107010","2023-09-14 09:00","2023","09","14","09:00","","16.1","","14.3","","89","","","","34","","14","","","","","","","","","","NA"
"-123.30","49.11","SANDHEADS CS","1107010","2023-09-14 10:00","2023","09","14","10:00","","16.5","","14.7","","89","","","","32","","16","","","","","","","","","","NA"
"-123.30","49.11","SANDHEADS CS","1107010","2023-09-14 11:00","2023","09","14","11:00","","16.4","","14.2","","87","","","","4","","12","","","","","","","","","","NA"
"-123.30","49.11","SANDHEADS CS","1107010","2023-09-14 12:00","2023","09","14","12:00","","16.0","","13.5","","85","","","","1","","13","","","","","","","","","","NA"
"-123.30","49.11","SANDHEADS CS","1107010","2023-09-14 13:00","2023","09","14","13:00","","15.7","","14.3","","91","","","","33","","6","","","","","","","","","","NA"
"-123.30","49.11","SANDHEADS CS","1107010","2023-09-14 14:00","2023","09","14","14:00","","15.7","","13.9","","89","","","","31","","16","","","","","","","","","","NA"
"-123.30","49.11","SANDHEADS CS","1107010","2023-09-14 15:00","2023","09","14","15:00","","15.7","","13.1","","85","","","","34","","13","","","","","","","","","","NA"
"-123.30","49.11","SANDHEADS CS","1107010","2023-09-14 16:00","2023","09","14","16:00","","15.5","","14.1","","92","","","","32","","15","","","","","","","","","","NA"
"-123.30","49.11","SANDHEADS CS","1107010","2023-09-14 17:00","2023","09","14","17:00","","15.4","","14.1","","92","","","","32","","18","","","","","","","","","","NA"
"-123.30","49.11","SANDHEADS CS","1107010","2023-09-14 18:00","2023","09","14","18:00","","15.2","","14.0","","93","","","","31","","17","","","","","","","","","","NA"
"-123.30","49.11","SANDHEADS CS","1107010","2023-09-14 19:00","2023","09","14","19:00","","15.6","","14.4","","92","","","","31","","17","","","","","","","","","","NA"
"-123.30","49.11","SANDHEADS CS","1107010","2023-09-14 20:00","2023","09","14","20:00","","15.7","","14.4","","92","","","","32","","16","","","","","","","","","","NA"
"-123.30","49.11","SANDHEADS CS","1107010","2023-09-14 21:00","2023","09","14","21:00","","16.1","","14.5","","90","","","","32","","13","","","","","","","","","","NA"
"-123.30","49.11","SANDHEADS CS","1107010","2023-09-14 22:00","2023","09","14","22:00","","16.6","","14.3","","86","","","","31","","12","","","","","","","","","","NA"
"-123.30","49.11","SANDHEADS CS","1107010","2023-09-14 23:00","2023","09","14","23:00","","17.0","","14.3","","84","","","","31","","10","","","","","","","","","","NA"
"-123.30","49.11","SANDHEADS CS","1107010","2023-09-15 00:00","2023","09","15","00:00","","17.3","","14.9","","85","","","","29","","6","","","","","","","","","","NA"
"-123.30","49.11","SANDHEADS CS","1107010","2023-09-15 01:00","2023","09","15","01:00","","17.6","","14.8","","84","","","","30","","6","","","","","","","","","","NA"
"-123.30","49.11","SANDHEADS CS","1107010","2023-09-15 02:00","2023","09","15","02:00","","17.4","","14.6","","84","","","","30","","9","","","","","","","","","","NA"
"-123.30","49.11","SANDHEADS CS","1107010","2023-09-15 03:00","2023","09","15","03:00","","16.7","","14.9","","89","","","","29","","8","","","","","","","","","","NA"
"-123.30","49.11","SANDHEADS CS","1107010","2023-09-15 04:00","2023","09","15","04:00","","16.6","","14.9","","89","","","","31","","7","","","","","","","","","","NA"
"-123.30","49.11","SANDHEADS CS","1107010","2023-09-15 05:00","2023","09","15","05:00","","16.7","","15.1","","90","","","","30","","9","","","","","","","","","","NA"
"-123.30","49.11","SANDHEADS CS","1107010","2023-09-15 06:00","2023","09","15","06:00","","16.6","","15.1","","91","","","","30","","12","","","","","","","","","","NA"
"-123.30","49.11","SANDHEADS CS","1107010","2023-09-15 07:00","2023","09","15","07:00","","16.7","","15.1","","91","","","","30","","9","","","","","","","","","","NA"
"-123.30","49.11","SANDHEADS CS","1107010","2023-09-15 08:00","2023","09","15","08:00","","16.7","","14.2","","85","","","","34","","11","","","","","","","","","","NA"
"-123.30","49.11","SANDHEADS CS","1107010","2023-09-15 09:00","2023","09","15","09:00","","17.2","","13.4","","78","","","","34","","14","","","","","","","","","","NA"
"-123.30","49.11","SANDHEADS CS","1107010","2023-09-15 10:00","2023","09","15","10:00","","16.6","","13.9","","84","","","","34","","7","","","","","","","","","","NA"
"-123.30","49.11","SANDHEADS CS","1107010","2023-09-15 11:00","2023","09","15","11:00","","16.8","","13.2","","79","","","","3","","8","","","","","","","","","","NA"
"-123.30","49.11","SANDHEADS CS","1107010","2023-09-15 12:00","2023","09","15","12:00","","16.9","","10.8","","68","","","","1","","12","","","","","","","","","","NA"
"-123.30","49.11","SANDHEADS CS","1107010","2023-09-15 13:00","2023","09","15","13:00","","16.2","","13.2","","82","","","","6","","6","","","","","","","","","","NA"
"-123.30","49.11","SANDHEADS CS","1107010","2023-09-15 14:00","2023","09","15","14:00","","15.7","","13.7","","88","","","","6","","5","","","","","","","","","","NA"
"-123.30","49.11","SANDHEADS CS","1107010","2023-09-15 15:00","2023","09","15","15:00","","16.0","","10.9","","72","","","","34","","16","","","","","","","","","","NA"
"-123.30","49.11","SANDHEADS CS","1107010","2023-09-15 16:00","2023","09","15","16:00","","16.1","","10.6","","70","","","","1","","21","","","","","","","","","","NA"
"-123.30","49.11","SANDHEADS CS","1107010","2023-09-15 17:00","2023","09","15","17:00","","16.3","","11.5","","73","","","","33","","11","","","","","","","","","","NA"
"-123.30","49.11","SANDHEADS CS","1107010","2023-09-15 18:00","2023","09","15","18:00","","16.3","","14.1","","87","","","","31","","9","","","","","","","","","","NA"
"-123.30","49.11","SANDHEADS CS","1107010","2023-09-15 19:00","2023","09","15","19:00","","16.5","","14.5","","88","","","","33","","4","","","","","","","","","","NA"
"-123.30","49.11","SANDHEADS CS","1107010","2023-09-15 20:00","2023","09","15","20:00","","16.7","","13.5","","81","","","","27","","6","","","","","","","","","","NA"
"-123.30","49.11","SANDHEADS CS","1107010","2023-09-15 21:00","2023","09","15","21:00","","17.5","","13.8","","79","","","","","","0","","","","","","","","","","NA"
"-123.30","49.11","SANDHEADS CS","1107010","2023-09-15 22:00","2023","09","15","22:00","","17.6","","14.9","","84","","","","26","","4","","","","","","","","","","NA"
"-123.30","49.11","SANDHEADS CS","1107010","2023-09-15 23:00","2023","09","15","23:00","","17.7","","14.6","","82","","","","29","","8","","","","","","","","","","NA"
"-123.30","49.11","SANDHEADS CS","1107010","2023-09-16 00:00","2023","09","16","00:00","","18.2","","15.0","","82","","","","32","","10","","","","","","","","","","NA"
"-123.30","49.11","SANDHEADS CS","1107010","2023-09-16 01:00","2023","09","16","01:00","","17.6","","15.6","","88","","","","32","","12","","","","","","","","","","NA"
"-123.30","49.11","SANDHEADS CS","1107010","2023-09-16 02:00","2023","09","16","02:00","","17.8","","14.7","","82","","","","33","","11","","","","","","","","","","NA"
"-123.30","49.11","SANDHEADS CS","1107010","2023-09-16 03:00","2023","09","16","03:00","","17.8","","13.8","","77","","","","27","","6","","","","","","","","","","NA"
"-123.30","49.11","SANDHEADS CS","1107010","2023-09-16 04:00","2023","09","16","04:00","","18.4","","11.6","","64","","","","31","","9","","","","","","","","","","NA"
"-123.30","49.11","SANDHEADS CS","1107010","2023-09-16 05:00","2023","09","16","05:00","","17.3","","15.5","","89","","","","30","","14","","","","","","","","","","NA"
"-123.30","49.11","SANDHEADS CS","1107010","2023-09-16 06:00","2023","09","16","06:00","","17.3","","15.3","","88","","","","29","","9","","","","","","","","","","NA"
"-123.30","49.11","SANDHEADS CS","1107010","2023-09-16 07:00","2023","09","16","07:00","","16.7","","15.4","","92","","","","25","","3","","","","","","","","","","NA"
"-123.30","49.11","SANDHEADS CS","1107010","2023-09-16 08:00","2023","09","16","08:00","","17.1","","14.9","","87","","","","29","","10","","","","","","","","","","NA"
"-123.30","49.11","SANDHEADS CS","1107010","2023-09-16 09:00","2023","09","16","09:00","","16.9","","15.2","","89","","","","29","","15","","","","","","","","","","NA"
"-123.30","49.11","SANDHEADS CS","1107010","2023-09-16 10:00","2023","09","16","10:00","","16.3","","13.9","","86","","","","34","","5","","","","","","","","","","NA"
"-123.30","49.11","SANDHEADS CS","1107010","2023-09-16 11:00","2023","09","16","11:00","","15.3","","14.4","","94","","","","2","","9","","","","","","","","","","NA"
"-123.30","49.11","SANDHEADS CS","1107010","2023-09-16 12:00","2023","09","16","12:00","","14.3","","13.8","","97","","","","6","","6","","","","","","","","","","NA"
"-123.30","49.11","SANDHEADS CS","1107010","2023-09-16 13:00","2023","09","16","13:00","","14.5","","14.1","","98","","","","6","","3","","","","","","","","","","NA"
"-123.30","49.11","SANDHEADS CS","1107010","2023-09-16 14:00","2023","09","16","14:00","","13.6","","13.3","","99","","","","14","","7","","","","","","","","","","NA"
"-123.30","49.11","SANDHEADS CS","1107010","2023-09-16 15:00","2023","09","16","15:00","","14.3","","14.1","","99","","","","14","","8","","","","","","","","","","NA"
"-123.30","49.11","SANDHEADS CS","1107010","2023-09-16 16:00","2023","09","16","16:00","","14.7","","14.1","","96","","","","11","","9","","","","","","","","","","NA"
"-123.30","49.11","SANDHEADS CS","1107010","2023-09-16 17:00","2023","09","16","17:00","","15.3","","14.0","","92","","","","12","","11","","","","","","","","","","NA"
"-123.30","49.11","SANDHEADS CS","1107010","2023-09-16 18:00","2023","09","16","18:00","","16.4","","15.0","","91","","","","16","","10","","","","","","","","","","NA"
"-123.30","49.11","SANDHEADS CS","1107010","2023-09-16 19:00","2023","09","16","19:00","","15.9","","14.5","","92","","","","19","","11","","","","","","","","","","NA"
"-123.30","49.11","SANDHEADS CS","1107010","2023-09-16 20:00","2023","09","16","20:00","","17.5","","15.4","","88","","","","16","","9","","","","","","","","","","NA"
"-123.30","49.11","SANDHEADS CS","1107010","2023-09-16 21:00","2023","09","16","21:00","","17.1","","14.9","","87","","","","15","","18","","","","","","","","","","NA"
"-123.30","49.11","SANDHEADS CS","1107010","2023-09-16 22:00","2023","09","16","22:00","","17.3","","14.1","","81","","","","15","","24","","","","","","","","","","NA"
"-123.30","49.11","SANDHEADS CS","1107010","2023-09-16 23:00","2023","09","16","23:00","","17.1","","13.4","","79","","","","15","","28","","","","","","","","","","NA"
"-123.30","49.11","SANDHEADS CS","1107010","2023-09-17 00:00","2023","09","17","00:00","","17.1","","13.4","","79","","","","14","","29","","","","","","","","","","NA"
"-123.30","49.11","SANDHEADS CS","1107010","2023-09-17 01:00","2023","09","17","01:00","","18.0","","12.5","","70","","","","12","","22","","","","","","","","","","NA"
"-123.30","49.11","SANDHEADS CS","1107010","2023-09-17 02:00","2023","09","17","02:00","","18.3","","12.1","","67","","","","12","","18","","","","","","","","","","NA"
"-123.30","49.11","SANDHEADS CS","1107010","2023-09-17 03:00","2023","09","17","03:00","","17.7","","13.2","","75","","","","11","","16","","","","","","","","","","NA"
"-123.30","49.11","SANDHEADS CS","1107010","2023-09-17 04:00","2023","09","17","04:00","","17.5","","13.0","","75","","","","1","","13","","","","","","","","","","NA"
"-123.30","49.11","SANDHEADS CS","1107010","2023-09-17 05:00","2023","09","17","05:00","","17.0","","12.3","","74","","","","4","","10","","","","","","","","","","NA"
"-123.30","49.11","SANDHEADS CS","1107010","2023-09-17 06:00","2023","09","17","06:00","","16.1","","12.9","","81","","","","34","","3","","","","","","","","","","NA"
"-123.30","49.11","SANDHEADS CS","1107010","2023-09-17 07:00","2023","09","17","07:00","","17.0","","13.9","","82","","","","31","","15","","","","","","","","","","NA"
"-123.30","49.11","SANDHEADS CS","1107010","2023-09-17 08:00","2023","09","17","08:00","","17.0","","13.5","","80","","","","30","","18","","","","","","","","","","NA"
"-123.30","49.11","SANDHEADS CS","1107010","2023-09-17 09:00","2023","09","17","09:00","","16.2","","13.3","","83","","","","10","","3","","","","","","","","","","NA"
"-123.30","49.11","SANDHEADS CS","1107010","2023-09-17 10:00","2023","09","17","10:00","","16.3","","13.2","","82","","","","","","0","","","","","","","","","","NA"
"-123.30","49.11","SANDHEADS CS","1107010","2023-09-17 11:00","2023","09","17","11:00","","14.8","","12.7","","87","","","","14","","26","","","","","","","","","","NA"
"-123.30","49.11","SANDHEADS CS","1107010","2023-09-17 12:00","2023","09","17","12:00","","14.2","","11.7","","85","","","","11","","21","","","","","","","","","","NA"
"-123.30","49.11","SANDHEADS CS","1107010","2023-09-17 13:00","2023","09","17","13:00","","13.8","","11.7","","87","","","","10","","21","","","","","","","","","","NA"
"-123.30","49.11","SANDHEADS CS","1107010","2023-09-17 14:00","2023","09","17","14:00","","13.6","","11.2","","85","","","","9","","23","","","","","","","","","","NA"
"-123.30","49.11","SANDHEADS CS","1107010","2023-09-17 15:00","2023","09","17","15:00","","14.0","","11.2","","83","","","","9","","25","","","","","","","","","","NA"
"-123.30","49.11","SANDHEADS CS","1107010","2023-09-17 16:00","2023","09","17","16:00","","14.1","","11.3","","84","","","","10","","24","","","","","","","","","","NA"
"-123.30","49.11","SANDHEADS CS","1107010","2023-09-17 17:00","2023","09","17","17:00","","14.6","","11.3","","80","","","","14","","23","","","","","","","","","","NA"
"-123.30","49.11","SANDHEADS CS","1107010","2023-09-17 18:00","2023","09","17","18:00","","14.8","","11.1","","79","","","","12","","21","","","","","","","","","","NA"
"-123.30","49.11","SANDHEADS CS","1107010","2023-09-17 19:00","2023","09","17","19:00","","15.3","","10.7","","74","","","","13","","26","","","","","","","","","","NA"
"-123.30","49.11","SANDHEADS CS","1107010","2023-09-17 20:00","2023","09","17","20:00","","15.8","","11.4","","75","","","","13","","28","","","","","","","","","","NA"
"-123.30","49.11","SANDHEADS CS","1107010","2023-09-17 21:00","2023","09","17","21:00","","16.3","","11.9","","75","","","","14","","26","","","","","","","","","","NA"
"-123.30","49.11","SANDHEADS CS","1107010","2023-09-17 22:00","2023","09","17","22:00","","16.7","","11.8","","73","","","","13","","23","","","","","","","","","","NA"
"-123.30","49.11","SANDHEADS CS","1107010","2023-09-17 23:00","2023","09","17","23:00","","17.1","","11.4","","69","","","","13","","18","","","","","","","","","","NA"
"-123.30","49.11","SANDHEADS CS","1107010","2023-09-18 00:00","2023","09","18","00:00","","17.1","","11.3","","69","","","","12","","17","","","","","","","","","","NA"
"-123.30","49.11","SANDHEADS CS","1107010","2023-09-18 01:00","2023","09","18","01:00","","17.2","","11.7","","70","","","","12","","11","","","","","","","","","","NA"
"-123.30","49.11","SANDHEADS CS","1107010","2023-09-18 02:00","2023","09","18","02:00","","16.9","","13.0","","78","","","","13","","13","","","","","","","","","","NA"
"-123.30","49.11","SANDHEADS CS","1107010","2023-09-18 03:00","2023","09","18","03:00","","16.8","","12.8","","77","","","","10","","19","","","","","","","","","","NA"
"-123.30","49.11","SANDHEADS CS","1107010","2023-09-18 04:00","2023","09","18","04:00","","17.1","","11.7","","70","","","","11","","24","","","","","","","","","","NA"
"-123.30","49.11","SANDHEADS CS","1107010","2023-09-18 05:00","2023","09","18","05:00","","17.3","","12.1","","72","","","","13","","23","","","","","","","","","","NA"
"-123.30","49.11","SANDHEADS CS","1107010","2023-09-18 06:00","2023","09","18","06:00","","17.0","","13.1","","78","","","","12","","22","","","","","","","","","","NA"
"-123.30","49.11","SANDHEADS CS","1107010","2023-09-18 07:00","2023","09","18","07:00","","16.4","","13.8","","84","","","","14","","26","","","","","","","","","","NA"
"-123.30","49.11","SANDHEADS CS","1107010","2023-09-18 08:00","2023","09","18","08:00","","16.6","","13.8","","84","","","","16","","20","","","","","","","","","","NA"
"-123.30","49.11","SANDHEADS CS","1107010","2023-09-18 09:00","2023","09","18","09:00","","16.5","","14.0","","85","","","","21","","14","","","","","","","","","","NA"
"-123.30","49.11","SANDHEADS CS","1107010","2023-09-18 10:00","2023","09","18","10:00","","15.1","","11.7","","80","","","","28","","48","","","","","","","","","","NA"
"-123.30","49.11","SANDHEADS CS","1107010","2023-09-18 11:00","2023","09","18","11:00","","14.7","","10.1","","74","","","","28","","48","","","","","","","","","","NA"
"-123.30","49.11","SANDHEADS CS","1107010","2023-09-18 12:00","2023","09","18","12:00","","14.5","","10.2","","75","","","","28","","51","","","","","","","","","","NA"
"-123.30","49.11","SANDHEADS CS","1107010","2023-09-18 13:00","2023","09","18","13:00","","14.3","","10.0","","75","","","","28","","47","","","","","","","","","","NA"
"-123.30","49.11","SANDHEADS CS","1107010","2023-09-18 14:00","2023","09","18","14:00","","14.1","","9.7","","75","","","","29","","45","","","","","","","","","","NA"
"-123.30","49.11","SANDHEADS CS","1107010","2023-09-18 15:00","2023","09","18","15:00","","14.0","","10.0","","77","","","","29","","46","","","","","","","","","","NA"
"-123.30","49.11","SANDHEADS CS","1107010","2023-09-18 16:00","2023","09","18","16:00","","13.9","","10.2","","79","","","","29","","42","","","","","","","","","","NA"
"-123.30","49.11","SANDHEADS CS","1107010","2023-09-18 17:00","2023","09","18","17:00","","13.8","","10.2","","79","","","","28","","46","","","","","","","","","","NA"
"-123.30","49.11","SANDHEADS CS","1107010","2023-09-18 18:00","2023","09","18","18:00","","14.1","","9.4","","73","","","","28","","47","","","","","","","","","","NA"
"-123.30","49.11","SANDHEADS CS","1107010","2023-09-18 19:00","2023","09","18","19:00","","14.2","","9.7","","75","","","","29","","43","","","","","","","","","","NA"
"-123.30","49.11","SANDHEADS CS","1107010","2023-09-18 20:00","2023","09","18","20:00","","14.6","","9.2","","70","","","","29","","40","","","","","","","","","","NA"
"-123.30","49.11","SANDHEADS CS","1107010","2023-09-18 21:00","2023","09","18","21:00","","14.8","","9.0","","68","","","","30","","32","","","","","","","","","","NA"
"-123.30","49.11","SANDHEADS CS","1107010","2023-09-18 22:00","2023","09","18","22:00","","15.3","","8.2","","62","","","","30","","36","","","","","","","","","","NA"
"-123.30","49.11","SANDHEADS CS","1107010","2023-09-18 23:00","2023","09","18","23:00","","15.7","","9.3","","66","","","","29","","21","","","","","","","","","","NA"
"-123.30","49.11","SANDHEADS CS","1107010","2023-09-19 00:00","2023","09","19","00:00","","15.9","","8.9","","63","","","","26","","20","","","","","","","","","","NA"
"-123.30","49.11","SANDHEADS CS","1107010","2023-09-19 01:00","2023","09","19","01:00","","16.0","","9.6","","66","","","","27","","15","","","","","","","","","","NA"
"-123.30","49.11","SANDHEADS CS","1107010","2023-09-19 02:00","2023","09","19","02:00","","16.1","","7.9","","58","","","","28","","14","","","","","","","","","","NA"
"-123.30","49.11","SANDHEADS CS","1107010","2023-09-19 03:00","2023","09","19","03:00","","15.6","","10.0","","69","","","","25","","12","","","","","","","","","","NA"
"-123.30","49.11","SANDHEADS CS","1107010","2023-09-19 04:00","2023","09","19","04:00","","15.1","","11.1","","77","","","","19","","12","","","","","","","","","","NA"
"-123.30","49.11","SANDHEADS CS","1107010","2023-09-19 05:00","2023","09","19","05:00","","15.2","","10.9","","75","","","","20","","16","","","","","","","","","","NA"
"-123.30","49.11","SANDHEADS CS","1107010","2023-09-19 06:00","2023","09","19","06:00","","15.6","","10.4","","71","","","","23","","8","","","","","","","","","","NA"
"-123.30","49.11","SANDHEADS CS","1107010","2023-09-19 07:00","2023","09","19","07:00","","15.5","","8.8","","65","","","","22","","5","","","","","","","","","","NA"
"-123.30","49.11","SANDHEADS CS","1107010","2023-09-19 08:00","2023","09","19","08:00","","14.7","","9.3","","70","","","","11","","10","","","","","","","","","","NA"
"-123.30","49.11","SANDHEADS CS","1107010","2023-09-19 09:00","2023","09","19","09:00","","14.1","","10.6","","79","","","","15","","16","","","","","","","","","","NA"
"-123.30","49.11","SANDHEADS CS","1107010","2023-09-19 10:00","2023","09","19","10:00","","13.6","","10.5","","81","","","","13","","16","","","","","","","","","","NA"
"-123.30","49.11","SANDHEADS CS","1107010","2023-09-19 11:00","2023","09","19","11:00","","13.2","","10.3","","82","","","","12","","12","","","","","","","","","","NA"
"-123.30","49.11","SANDHEADS CS","1107010","2023-09-19 12:00","2023","09","19","12:00","","13.1","","10.4","","84","","","","12","","14","","","","","","","","","","NA"
"-123.30","49.11","SANDHEADS CS","1107010","2023-09-19 13:00","2023","09","19","13:00","","13.0","","10.3","","84","","","","11","","13","","","","","","","","","","NA"
"-123.30","49.11","SANDHEADS CS","1107010","2023-09-19 14:00","2023","09","19","14:00","","12.7","","10.0","","84","","","","11","","13","","","","","","","","","","NA"
"-123.30","49.11","SANDHEADS CS","1107010","2023-09-19 15:00","2023","09","19","15:00","","12.9","","10.4","","85","","","","11","","14","","","","","","","","","","NA"
"-123.30","49.11","SANDHEADS CS","1107010","2023-09-19 16:00","2023","09","19","16:00","","12.9","","10.1","","83","","","","9","","17","","","","","","","","","","NA"
"-123.30","49.11","SANDHEADS CS","1107010","2023-09-19 17:00","2023","09","19","17:00","","13.4","","10.5","","83","","","","13","","12","","","","","","","","","","NA"
"-123.30","49.11","SANDHEADS CS","1107010","2023-09-19 18:00","2023","09","19","18:00","","15.2","","11.3","","78","","","","15","","4","","","","","","","","","","NA"
"-123.30","49.11","SANDHEADS CS","1107010","2023-09-19 19:00","2023","09","19","19:00","","14.3","","9.9","","74","","","","15","","13","","","","","","","","","","NA"
"-123.30","49.11","SANDHEADS CS","1107010","2023-09-19 20:00","2023","09","19","20:00","","14.2","","9.5","","73","","","","14","","29","","","","","","","","","","NA"
"-123.30","49.11","SANDHEADS CS","1107010","2023-09-19 21:00","2023","09","19","21:00","","14.8","","9.4","","70","","","","13","","30","","","","","","","","","","NA"
"-123.30","49.11","SANDHEADS CS","1107010","2023-09-19 22:00","2023","09","19","22:00","","15.2","","9.4","","68","","","","14","","34","","","","","","","","","","NA"
"-123.30","49.11","SANDHEADS CS","1107010","2023-09-19 23:00","2023","09","19","23:00","","14.6","","11.4","","81","","","","13","","27","","","","","","","","","","NA"
"-123.30","49.11","SANDHEADS CS","1107010","2023-09-20 00:00","2023","09","20","00:00","","13.7","","11.4","","86","","","","10","","19","","","","","","","","","","NA"
"-123.30","49.11","SANDHEADS CS","1107010","2023-09-20 01:00","2023","09","20","01:00","","13.2","","11.4","","88","","","","16","","34","","","","","","","","","","NA"
"-123.30","49.11","SANDHEADS CS","1107010","2023-09-20 02:00","2023","09","20","02:00","","14.0","","11.0","","82","","","","16","","41","","","","","","","","","","NA"
"-123.30","49.11","SANDHEADS CS","1107010","2023-09-20 03:00","2023","09","20","03:00","","14.3","","10.9","","80","","","","17","","35","","","","","","","","","","NA"
"-123.30","49.11","SANDHEADS CS","1107010","2023-09-20 04:00","2023","09","20","04:00","","13.0","","11.2","","89","","","","11","","22","","","","","","","","","","NA"
"-123.30","49.11","SANDHEADS CS","1107010","2023-09-20 05:00","2023","09","20","05:00","","12.8","","11.6","","92","","","","8","","26","","","","","","","","","","NA"
"-123.30","49.11","SANDHEADS CS","1107010","2023-09-20 06:00","2023","09","20","06:00","","12.7","","11.3","","91","","","","9","","22","","","","","","","","","","NA"
"-123.30","49.11","SANDHEADS CS","1107010","2023-09-20 07:00","2023","09","20","07:00","","13.1","","10.9","","87","","","","4","","14","","","","","","","","","","NA"
"-123.30","49.11","SANDHEADS CS","1107010","2023-09-20 08:00","2023","09","20","08:00","","13.7","","10.5","","81","","","","33","","13","","","","","","","","","","NA"
"-123.30","49.11","SANDHEADS CS","1107010","2023-09-20 09:00","2023","09","20","09:00","","13.5","","11.0","","85","","","","32","","30","","","","","","","","","","NA"
"-123.30","49.11","SANDHEADS CS","1107010","2023-09-20 10:00","2023","09","20","10:00","","13.4","","10.0","","80","","","","30","","35","","","","","","","","","","NA"
"-123.30","49.11","SANDHEADS CS","1107010","2023-09-20 11:00","2023","09","20","11:00","","13.2","","9.9","","80","","","","30","","35","","","","","","","","","","NA"
"-123.30","49.11","SANDHEADS CS","1107010","2023-09-20 12:00","2023","09","20","12:00","","12.9","","10.4","","85","","","","30","","40","","","","","","","","","","NA"
"-123.30","49.11","SANDHEADS CS","1107010","2023-09-20 13:00","2023","09","20","13:00","","13.0","","10.9","","87","","","","30","","38","","","","","","","","","","NA"
"-123.30","49.11","SANDHEADS CS","1107010","2023-09-20 14:00","2023","09","20","14:00","","12.9","","10.4","","85","","","","30","","37","","","","","","","","","","NA"
"-123.30","49.11","SANDHEADS CS","1107010","2023-09-20 15:00","2023","09","20","15:00","","12.8","","10.1","","84","","","","30","","35","","","","","","","","","","NA"
"-123.30","49.11","SANDHEADS CS","1107010","2023-09-20 16:00","2023","09","20","16:00","","13.0","","10.1","","82","","","","30","","34","","","","","","","","","","NA"
"-123.30","49.11","SANDHEADS CS","1107010","2023-09-20 17:00","2023","09","20","17:00","","12.9","","10.5","","85","","","","33","","19","","","","","","","","","","NA"
"-123.30","49.11","SANDHEADS CS","1107010","2023-09-20 18:00","2023","09","20","18:00","","13.2","","9.5","","78","","","","30","","28","","","","","","","","","","NA"
"-123.30","49.11","SANDHEADS CS","1107010","2023-09-20 19:00","2023","09","20","19:00","","13.1","","9.4","","78","","","","31","","29","","","","","","","","","","NA"
"-123.30","49.11","SANDHEADS CS","1107010","2023-09-20 20:00","2023","09","20","20:00","","13.3","","9.5","","78","","","","31","","24","","","","","","","","","","NA"
"-123.30","49.11","SANDHEADS CS","1107010","2023-09-20 21:00","2023","09","20","21:00","","13.5","","10.3","","81","","","","31","","21","","","","","","","","","","NA"
"-123.30","49.11","SANDHEADS CS","1107010","2023-09-20 22:00","2023","09","20","22:00","","13.7","","10.7","","82","","","","31","","22","","","","","","","","","","NA"
"-123.30","49.11","SANDHEADS CS","1107010","2023-09-20 23:00","2023","09","20","23:00","","14.2","","11.2","","82","","","","31","","18","","","","","","","","","","NA"
"-123.30","49.11","SANDHEADS CS","1107010","2023-09-21 00:00","2023","09","21","00:00","","14.6","","11.1","","79","","","","32","","17","","","","","","","","","","NA"
"-123.30","49.11","SANDHEADS CS","1107010","2023-09-21 01:00","2023","09","21","01:00","","15.1","","11.4","","78","","","","33","","9","","","","","","","","","","NA"
"-123.30","49.11","SANDHEADS CS","1107010","2023-09-21 02:00","2023","09","21","02:00","","15.0","","11.4","","79","","","","30","","7","","","","","","","","","","NA"
"-123.30","49.11","SANDHEADS CS","1107010","2023-09-21 03:00","2023","09","21","03:00","","14.7","","11.9","","83","","","","","","0","","","","","","","","","","NA"
"-123.30","49.11","SANDHEADS CS","1107010","2023-09-21 04:00","2023","09","21","04:00","","14.8","","12.2","","84","","","","28","","5","","","","","","","","","","NA"
"-123.30","49.11","SANDHEADS CS","1107010","2023-09-21 05:00","2023","09","21","05:00","","14.8","","12.5","","86","","","","27","","14","","","","","","","","","","NA"
"-123.30","49.11","SANDHEADS CS","1107010","2023-09-21 06:00","2023","09","21","06:00","","14.7","","13.2","","91","","","","30","","10","","","","","","","","","","NA"
"-123.30","49.11","SANDHEADS CS","1107010","2023-09-21 07:00","2023","09","21","07:00","","14.9","","12.4","","85","","","","36","","9","","","","","","","","","","NA"
"-123.30","49.11","SANDHEADS CS","1107010","2023-09-21 08:00","2023","09","21","08:00","","14.9","","11.9","","83","","","","36","","11","","","","","","","","","","NA"
"-123.30","49.11","SANDHEADS CS","1107010","2023-09-21 09:00","2023","09","21","09:00","","14.9","","11.7","","81","","","","31","","17","","","","","","","","","","NA"
"-123.30","49.11","SANDHEADS CS","1107010","2023-09-21 10:00","2023","09","21","10:00","","14.5","","12.4","","87","","","","32","","18","","","","","","","","","","NA"
"-123.30","49.11","SANDHEADS CS","1107010","2023-09-21 11:00","2023","09","21","11:00","","14.4","","12.6","","89","","","","32","","30","","","","","","","","","","NA"
"-123.30","49.11","SANDHEADS CS","1107010","2023-09-21 12:00","2023","09","21","12:00","","14.1","","11.3","","83","","","","31","","35","","","","","","","","","","NA"
"-123.30","49.11","SANDHEADS CS","1107010","2023-09-21 13:00","2023","09","21","13:00","","13.8","","11.3","","85","","","","31","","34","","","","","","","","","","NA"
"-123.30","49.11","SANDHEADS CS","1107010","2023-09-21 14:00","2023","09","21","14:00","","13.7","","11.9","","88","","","","32","","31","","","","","","","","","","NA"
"-123.30","49.11","SANDHEADS CS","1107010","2023-09-21 15:00","2023","09","21","15:00","","13.7","","12.0","","90","","","","32","","30","","","","","","","","","","NA"
"-123.30","49.11","SANDHEADS CS","1107010","2023-09-21 16:00","2023","09","21","16:00","","13.6","","12.1","","91","","","","31","","29","","","","","","","","","","NA"
"-123.30","49.11","SANDHEADS CS","1107010","2023-09-21 17:00","2023","09","21","17:00","","13.3","","11.6","","90","","","","31","","33","","","","","","","","","","NA"
"-123.30","49.11","SANDHEADS CS","1107010","2023-09-21 18:00","2023","09","21","18:00","","13.2","","11.6","","90","","","","31","","34","","","","","","","","","","NA"
"-123.30","49.11","SANDHEADS CS","1107010","2023-09-21 19:00","2023","09","21","19:00","","13.4","","11.8","","90","","","","31","","29","","","","","","","","","","NA"
"-123.30","49.11","SANDHEADS CS","1107010","2023-09-21 20:00","2023","09","21","20:00","","13.7","","12.1","","90","","","","31","","25","","","","","","","","","","NA"
"-123.30","49.11","SANDHEADS CS","1107010","2023-09-21 21:00","2023","09","21","21:00","","14.4","","11.5","","82","","","","32","","24","","","","","","","","","","NA"
"-123.30","49.11","SANDHEADS CS","1107010","2023-09-21 22:00","2023","09","21","22:00","","14.7","","11.9","","83","","","","31","","34","","","","","","","","","","NA"
"-123.30","49.11","SANDHEADS CS","1107010","2023-09-21 23:00","2023","09","21","23:00","","15.1","","12.1","","82","","","","31","","27","","","","","","","","","","NA"
"-123.30","49.11","SANDHEADS CS","1107010","2023-09-22 00:00","2023","09","22","00:00","","15.6","","11.0","","74","","","","30","","27","","","","","","","","","","NA"
"-123.30","49.11","SANDHEADS CS","1107010","2023-09-22 01:00","2023","09","22","01:00","","16.5","","9.9","","65","","","","30","","26","","","","","","","","","","NA"
"-123.30","49.11","SANDHEADS CS","1107010","2023-09-22 02:00","2023","09","22","02:00","","16.9","","9.7","","63","","","","31","","27","","","","","","","","","","NA"
"-123.30","49.11","SANDHEADS CS","1107010","2023-09-22 03:00","2023","09","22","03:00","","15.9","","10.3","","69","","","","11","","4","","","","","","","","","","NA"
"-123.30","49.11","SANDHEADS CS","1107010","2023-09-22 04:00","2023","09","22","04:00","","15.9","","10.9","","72","","","","34","","19","","","","","","","","","","NA"
"-123.30","49.11","SANDHEADS CS","1107010","2023-09-22 05:00","2023","09","22","05:00","","15.7","","11.5","","76","","","","29","","8","","","","","","","","","","NA"
"-123.30","49.11","SANDHEADS CS","1107010","2023-09-22 06:00","2023","09","22","06:00","","15.0","","12.3","","84","","","","30","","8","","","","","","","","","","NA"
"-123.30","49.11","SANDHEADS CS","1107010","2023-09-22 07:00","2023","09","22","07:00","","15.4","","11.7","","78","","","","29","","12","","","","","","","","","","NA"
"-123.30","49.11","SANDHEADS CS","1107010","2023-09-22 08:00","2023","09","22","08:00","","15.0","","12.4","","85","","","","27","","8","","","","","","","","","","NA"
"-123.30","49.11","SANDHEADS CS","1107010","2023-09-22 09:00","2023","09","22","09:00","","14.2","","13.0","","92","","","","6","","8","","","","","","","","","","NA"
"-123.30","49.11","SANDHEADS CS","1107010","2023-09-22 10:00","2023","09","22","10:00","","13.1","","11.6","","90","","","","10","","19","","","","","","","","","","NA"
"-123.30","49.11","SANDHEADS CS","1107010","2023-09-22 11:00","2023","09","22","11:00","","12.8","","10.3","","85","","","","11","","14","","","","","","","","","","NA"
"-123.30","49.11","SANDHEADS CS","1107010","2023-09-22 12:00","2023","09","22","12:00","","12.4","","9.7","","84","","","","10","","12","","","","","","","","","","NA"
"-123.30","49.11","SANDHEADS CS","1107010","2023-09-22 13:00","2023","09","22","13:00","","12.6","","9.6","","82","","","","9","","11","","","","","","","","","","NA"
"-123.30","49.11","SANDHEADS CS","1107010","2023-09-22 14:00","2023","09","22","14:00","","12.4","","9.2","","81","","","","11","","17","","","","","","","","","","NA"
"-123.30","49.11","SANDHEADS CS","1107010","2023-09-22 15:00","2023","09","22","15:00","","12.8","","10.4","","85","","","","11","","16","","","","","","","","","","NA"
"-123.30","49.11","SANDHEADS CS","1107010","2023-09-22 16:00","2023","09","22","16:00","","13.3","","9.8","","79","","","","11","","17","","","","","","","","","","NA"
"-123.30","49.11","SANDHEADS CS","1107010","2023-09-22 17:00","2023","09","22","17:00","","13.7","","10.3","","80","","","","11","","13","","","","","","","","","","NA"
"-123.30","49.11","SANDHEADS CS","1107010","2023-09-22 18:00","2023","09","22","18:00","","14.4","","10.4","","77","","","","15","","14","","","","","","","","","","NA"
"-123.30","49.11","SANDHEADS CS","1107010","2023-09-22 19:00","2023","09","22","19:00","","15.0","","11.1","","77","","","","16","","11","","","","","","","","","","NA"
"-123.30","49.11","SANDHEADS CS","1107010","2023-09-22 20:00","2023","09","22","20:00","","15.0","","10.5","","75","","","","15","","15","","","","","","","","","","NA"
"-123.30","49.11","SANDHEADS CS","1107010","2023-09-22 21:00","2023","09","22","21:00","","15.7","","10.5","","71","","","","16","","16","","","","","","","","","","NA"
"-123.30","49.11","SANDHEADS CS","1107010","2023-09-22 22:00","2023","09","22","22:00","","16.1","","9.7","","66","","","","15","","20","","","","","","","","","","NA"
"-123.30","49.11","SANDHEADS CS","1107010","2023-09-22 23:00","2023","09","22","23:00","","16.9","","8.5","","58","","","","15","","22","","","","","","","","","","NA"
"-123.30","49.11","SANDHEADS CS","1107010","2023-09-23 00:00","2023","09","23","00:00","","18.0","","10.1","","60","","","","16","","17","","","","","","","","","","NA"
"-123.30","49.11","SANDHEADS CS","1107010","2023-09-23 01:00","2023","09","23","01:00","","18.0","","10.5","","61","","","","16","","13","","","","","","","","","","NA"
"-123.30","49.11","SANDHEADS CS","1107010","2023-09-23 02:00","2023","09","23","02:00","","16.3","","10.9","","70","","","","14","","15","","","","","","","","","","NA"
"-123.30","49.11","SANDHEADS CS","1107010","2023-09-23 03:00","2023","09","23","03:00","","16.5","","10.8","","69","","","","11","","12","","","","","","","","","","NA"
"-123.30","49.11","SANDHEADS CS","1107010","2023-09-23 04:00","2023","09","23","04:00","","16.1","","10.8","","71","","","","13","","14","","","","","","","","","","NA"
"-123.30","49.11","SANDHEADS CS","1107010","2023-09-23 05:00","2023","09","23","05:00","","16.2","","10.6","","70","","","","9","","22","","","","","","","","","","NA"
"-123.30","49.11","SANDHEADS CS","1107010","2023-09-23 06:00","2023","09","23","06:00","","16.1","","10.7","","71","","","","13","","16","","","","","","","","","","NA"
"-123.30","49.11","SANDHEADS CS","1107010","2023-09-23 07:00","2023","09","23","07:00","","15.0","","12.5","","85","","","","11","","15","","","","","","","","","","NA"
"-123.30","49.11","SANDHEADS CS","1107010","2023-09-23 08:00","2023","09","23","08:00","","14.8","","11.8","","82","","","","10","","17","","","","","","","","","","NA"
"-123.30","49.11","SANDHEADS CS","1107010","2023-09-23 09:00","2023","09","23","09:00","","15.1","","11.3","","78","","","","11","","22","","","","","","","","","","NA"
"-123.30","49.11","SANDHEADS CS","1107010","2023-09-23 10:00","2023","09","23","10:00","","15.1","","10.4","","73","","","","12","","24","","","","","","","","","","NA"
"-123.30","49.11","SANDHEADS CS","1107010","2023-09-23 11:00","2023","09","23","11:00","","14.4","","10.6","","78","","","","12","","25","","","","","","","","","","NA"
"-123.30","49.11","SANDHEADS CS","1107010","2023-09-23 12:00","2023","09","23","12:00","","14.3","","10.8","","80","","","","12","","24","","","","","","","","","","NA"
"-123.30","49.11","SANDHEADS CS","1107010","2023-09-23 13:00","2023","09","23","13:00","","14.2","","10.8","","80","","","","15","","20","","","","","","","","","","NA"
"-123.30","49.11","SANDHEADS CS","1107010","2023-09-23 14:00","2023","09","23","14:00","","14.1","","10.8","","80","","","","10","","21","","","","","","","","","","NA"
"-123.30","49.11","SANDHEADS CS","1107010","2023-09-23 15:00","2023","09","23","15:00","","13.7","","10.8","","82","","","","9","","22","","","","","","","","","","NA"
"-123.30","49.11","SANDHEADS CS","1107010","2023-09-23 16:00","2023","09","23","16:00","","14.3","","11.0","","81","","","","10","","19","","","","","","","","","","NA"
"-123.30","49.11","SANDHEADS CS","1107010","2023-09-23 17:00","2023","09","23","17:00","","14.7","","11.4","","80","","","","10","","25","","","","","","","","","","NA"
"-123.30","49.11","SANDHEADS CS","1107010","2023-09-23 18:00","2023","09","23","18:00","","14.5","","11.6","","83","","","","14","","17","","","","","","","","","","NA"
"-123.30","49.11","SANDHEADS CS","1107010","2023-09-23 19:00","2023","09","23","19:00","","14.5","","11.8","","84","","","","17","","15","","","","","","","","","","NA"
"-123.30","49.11","SANDHEADS CS","1107010","2023-09-23 20:00","2023","09","23","20:00","","13.9","","12.3","","90","","","","18","","17","","","","","","","","","","NA"
"-123.30","49.11","SANDHEADS CS","1107010","2023-09-23 21:00","2023","09","23","21:00","","13.9","","11.9","","88","","","","20","","20","","","","","","","","","","NA"
"-123.30","49.11","SANDHEADS CS","1107010","2023-09-23 22:00","2023","09","23","22:00","","14.1","","11.2","","83","","","","18","","21","","","","","","","","","","NA"
"-123.30","49.11","SANDHEADS CS","1107010","2023-09-23 23:00","2023","09","23","23:00","","13.8","","11.4","","86","","","","16","","22","","","","","","","","","","NA"
"-123.30","49.11","SANDHEADS CS","1107010","2023-09-24 00:00","2023","09","24","00:00","","14.3","","11.5","","83","","","","15","","17","","","","","","","","","","NA"
"-123.30","49.11","SANDHEADS CS","1107010","2023-09-24 01:00","2023","09","24","01:00","","14.2","","11.2","","82","","","","14","","22","","","","","","","","","","NA"
"-123.30","49.11","SANDHEADS CS","1107010","2023-09-24 02:00","2023","09","24","02:00","","13.7","","11.6","","87","","","","12","","25","","","","","","","","","","NA"
"-123.30","49.11","SANDHEADS CS","1107010","2023-09-24 03:00","2023","09","24","03:00","","13.5","","11.1","","86","","","","13","","28","","","","","","","","","","NA"
"-123.30","49.11","SANDHEADS CS","1107010","2023-09-24 04:00","2023","09","24","04:00","","13.5","","11.1","","85","","","","14","","26","","","","","","","","","","NA"
"-123.30","49.11","SANDHEADS CS","1107010","2023-09-24 05:00","2023","09","24","05:00","","13.6","","10.9","","84","","","","13","","25","","","","","","","","","","NA"
"-123.30","49.11","SANDHEADS CS","1107010","2023-09-24 06:00","2023","09","24","06:00","","13.0","","11.3","","89","","","","10","","22","","","","","","","","","","NA"
"-123.30","49.11","SANDHEADS CS","1107010","2023-09-24 07:00","2023","09","24","07:00","","12.6","","11.1","","90","","","","10","","21","","","","","","","","","","NA"
"-123.30","49.11","SANDHEADS CS","1107010","2023-09-24 08:00","2023","09","24","08:00","","12.6","","11.0","","90","","","","13","","21","","","","","","","","","","NA"
"-123.30","49.11","SANDHEADS CS","1107010","2023-09-24 09:00","2023","09","24","09:00","","12.0","","10.8","","92","","","","9","","21","","","","","","","","","","NA"
"-123.30","49.11","SANDHEADS CS","1107010","2023-09-24 10:00","2023","09","24","10:00","","11.9","","10.5","","91","","","","9","","23","","","","","","","","","","NA"
"-123.30","49.11","SANDHEADS CS","1107010","2023-09-24 11:00","2023","09","24","11:00","","11.9","","10.5","","91","","","","8","","23","","","","","","","","","","NA"
"-123.30","49.11","SANDHEADS CS","1107010","2023-09-24 12:00","2023","09","24","12:00","","12.4","","10.9","","91","","","","10","","19","","","","","","","","","","NA"
"-123.30","49.11","SANDHEADS CS","1107010","2023-09-24 13:00","2023","09","24","13:00","","12.0","","10.6","","91","","","","10","","15","","","","","","","","","","NA"
"-123.30","49.11","SANDHEADS CS","1107010","2023-09-24 14:00","2023","09","24","14:00","","11.3","","10.4","","94","","","","9","","12","","","","","","","","","","NA"
"-123.30","49.11","SANDHEADS CS","1107010","2023-09-24 15:00","2023","09","24","15:00","","11.7","","10.1","","90","","","","8","","15","","","","","","","","","","NA"
"-123.30","49.11","SANDHEADS CS","1107010","2023-09-24 16:00","2023","09","24","16:00","","11.9","","9.8","","87","","","","7","","14","","","","","","","","","","NA"
"-123.30","49.11","SANDHEADS CS","1107010","2023-09-24 17:00","2023","09","24","17:00","","12.5","","9.7","","83","","","","5","","12","","","","","","","","","","NA"
"-123.30","49.11","SANDHEADS CS","1107010","2023-09-24 18:00","2023","09","24","18:00","","13.9","","9.9","","77","","","","14","","8","","","","","","","","","","NA"
"-123.30","49.11","SANDHEADS CS","1107010","2023-09-24 19:00","2023","09","24","19:00","","14.0","","10.9","","82","","","","18","","7","","","","","","","","","","NA"
"-123.30","49.11","SANDHEADS CS","1107010","2023-09-24 20:00","2023","09","24","20:00","","15.1","","10.1","","72","","","","13","","17","","","","","","","","","","NA"
"-123.30","49.11","SANDHEADS CS","1107010","2023-09-24 21:00","2023","09","24","21:00","","16.9","","9.4","","61","","","","10","","20","","","","","","","","","","NA"
"-123.30","49.11","SANDHEADS CS","1107010","2023-09-24 22:00","2023","09","24","22:00","","17.4","","8.5","","56","","","","10","","24","","","","","","","","","","NA"
"-123.30","49.11","SANDHEADS CS","1107010","2023-09-24 23:00","2023","09","24","23:00","","17.3","","9.6","","60","","","","11","","23","","","","","","","","","","NA"
"-123.30","49.11","SANDHEADS CS","1107010","2023-09-25 00:00","2023","09","25","00:00","","17.1","","9.8","","62","","","","13","","40","","","","","","","","","","NA"
"-123.30","49.11","SANDHEADS CS","1107010","2023-09-25 01:00","2023","09","25","01:00","","15.8","","10.8","","72","","","","12","","34","","","","","","","","","","NA"
"-123.30","49.11","SANDHEADS CS","1107010","2023-09-25 02:00","2023","09","25","02:00","","15.5","","11.1","","75","","","","9","","33","","","","","","","","","","NA"
"-123.30","49.11","SANDHEADS CS","1107010","2023-09-25 03:00","2023","09","25","03:00","","15.3","","11.5","","78","","","","8","","35","","","","","","","","","","NA"
"-123.30","49.11","SANDHEADS CS","1107010","2023-09-25 04:00","2023","09","25","04:00","","15.2","","10.7","","75","","","","11","","39","","","","","","","","","","NA"
"-123.30","49.11","SANDHEADS CS","1107010","2023-09-25 05:00","2023","09","25","05:00","","14.6","","11.3","","81","","","","10","","39","","","","","","","","","","NA"
"-123.30","49.11","SANDHEADS CS","1107010","2023-09-25 06:00","2023","09","25","06:00","","14.1","","11.9","","87","","","","9","","35","","","","","","","","","","NA"
"-123.30","49.11","SANDHEADS CS","1107010","2023-09-25 07:00","2023","09","25","07:00","","14.5","","11.9","","84","","","","9","","40","","","","","","","","","","NA"
"-123.30","49.11","SANDHEADS CS","1107010","2023-09-25 08:00","2023","09","25","08:00","","14.4","","11.9","","85","","","","10","","45","","","","","","","","","","NA"
"-123.30","49.11","SANDHEADS CS","1107010","2023-09-25 09:00","2023","09","25","09:00","","14.5","","12.1","","86","","","","10","","45","","","","","","","","","","NA"
"-123.30","49.11","SANDHEADS CS","1107010","2023-09-25 10:00","2023","09","25","10:00","","14.7","","12.1","","85","","","","10","","42","","","","","","","","","","NA"
"-123.30","49.11","SANDHEADS CS","1107010","2023-09-25 11:00","2023","09","25","11:00","","14.2","","12.7","","91","","","","10","","43","","","","","","","","","","NA"
"-123.30","49.11","SANDHEADS CS","1107010","2023-09-25 12:00","2023","09","25","12:00","","14.1","","12.9","","92","","","","10","","41","","","","","","","","","","NA"
"-123.30","49.11","SANDHEADS CS","1107010","2023-09-25 13:00","2023","09","25","13:00","","14.1","","12.8","","92","","","","11","","42","","","","","","","","","","NA"
"-123.30","49.11","SANDHEADS CS","1107010","2023-09-25 14:00","2023","09","25","14:00","","14.6","","12.7","","89","","","","11","","35","","","","","","","","","","NA"
"-123.30","49.11","SANDHEADS CS","1107010","2023-09-25 15:00","2023","09","25","15:00","","15.3","","12.3","","82","","","","13","","42","","","","","","","","","","NA"
"-123.30","49.11","SANDHEADS CS","1107010","2023-09-25 16:00","2023","09","25","16:00","","15.7","","12.7","","82","","","","14","","43","","","","","","","","","","NA"
"-123.30","49.11","SANDHEADS CS","1107010","2023-09-25 17:00","2023","09","25","17:00","","14.6","","12.6","","88","","","","10","","28","","","","","","","","","","NA"
"-123.30","49.11","SANDHEADS CS","1107010","2023-09-25 18:00","2023","09","25","18:00","","15.1","","12.9","","87","","","","10","","30","","","","","","","","","","NA"
"-123.30","49.11","SANDHEADS CS","1107010","2023-09-25 19:00","2023","09","25","19:00","","15.0","","12.5","","85","","","","16","","29","","","","","","","","","","NA"
"-123.30","49.11","SANDHEADS CS","1107010","2023-09-25 20:00","2023","09","25","20:00","","14.5","","12.5","","87","","","","16","","34","","","","","","","","","","NA"
"-123.30","49.11","SANDHEADS CS","1107010","2023-09-25 21:00","2023","09","25","21:00","","14.1","","12.7","","91","","","","14","","24","","","","","","","","","","NA"
"-123.30","49.11","SANDHEADS CS","1107010","2023-09-25 22:00","2023","09","25","22:00","","14.4","","12.5","","88","","","","15","","16","","","","","","","","","","NA"
"-123.30","49.11","SANDHEADS CS","1107010","2023-09-25 23:00","2023","09","25","23:00","","14.4","","12.4","","88","","","","13","","20","","","","","","","","","","NA"
"-123.30","49.11","SANDHEADS CS","1107010","2023-09-26 00:00","2023","09","26","00:00","","14.8","","12.6","","87","","","","9","","22","","","","","","","","","","NA"
"-123.30","49.11","SANDHEADS CS","1107010","2023-09-26 01:00","2023","09","26","01:00","","14.5","","12.4","","87","","","","10","","14","","","","","","","","","","NA"
"-123.30","49.11","SANDHEADS CS","1107010","2023-09-26 02:00","2023","09","26","02:00","","14.1","","12.2","","88","","","","16","","26","","","","","","","","","","NA"
"-123.30","49.11","SANDHEADS CS","1107010","2023-09-26 03:00","2023","09","26","03:00","","14.1","","11.9","","86","","","","16","","35","","","","","","","","","","NA"
"-123.30","49.11","SANDHEADS CS","1107010","2023-09-26 04:00","2023","09","26","04:00","","14.2","","12.0","","87","","","","14","","27","","","","","","","","","","NA"
"-123.30","49.11","SANDHEADS CS","1107010","2023-09-26 05:00","2023","09","26","05:00","","14.1","","11.8","","86","","","","12","","24","","","","","","","","","","NA"
"-123.30","49.11","SANDHEADS CS","1107010","2023-09-26 06:00","2023","09","26","06:00","","14.1","","12.0","","87","","","","13","","26","","","","","","","","","","NA"
"-123.30","49.11","SANDHEADS CS","1107010","2023-09-26 07:00","2023","09","26","07:00","","14.1","","11.9","","86","","","","13","","29","","","","","","","","","","NA"
"-123.30","49.11","SANDHEADS CS","1107010","2023-09-26 08:00","2023","09","26","08:00","","13.9","","11.5","","85","","","","13","","30","","","","","","","","","","NA"
"-123.30","49.11","SANDHEADS CS","1107010","2023-09-26 09:00","2023","09","26","09:00","","13.6","","11.7","","88","","","","15","","20","","","","","","","","","","NA"
"-123.30","49.11","SANDHEADS CS","1107010","2023-09-26 10:00","2023","09","26","10:00","","13.7","","11.7","","87","","","","15","","29","","","","","","","","","","NA"
"-123.30","49.11","SANDHEADS CS","1107010","2023-09-26 11:00","2023","09","26","11:00","","13.9","","11.7","","86","","","","12","","22","","","","","","","","","","NA"
"-123.30","49.11","SANDHEADS CS","1107010","2023-09-26 12:00","2023","09","26","12:00","","13.9","","11.8","","87","","","","13","","21","","","","","","","","","","NA"
"-123.30","49.11","SANDHEADS CS","1107010","2023-09-26 13:00","2023","09","26","13:00","","13.7","","11.4","","86","","","","11","","24","","","","","","","","","","NA"
"-123.30","49.11","SANDHEADS CS","1107010","2023-09-26 14:00","2023","09","26","14:00","","13.8","","11.7","","87","","","","12","","25","","","","","","","","","","NA"
"-123.30","49.11","SANDHEADS CS","1107010","2023-09-26 15:00","2023","09","26","15:00","","13.7","","11.9","","89","","","","14","","29","","","","","","","","","","NA"
"-123.30","49.11","SANDHEADS CS","1107010","2023-09-26 16:00","2023","09","26","16:00","","13.8","","11.3","","85","","","","13","","23","","","","","","","","","","NA"
"-123.30","49.11","SANDHEADS CS","1107010","2023-09-26 17:00","2023","09","26","17:00","","14.4","","11.1","","80","","","","13","","30","","","","","","","","","","NA"
"-123.30","49.11","SANDHEADS CS","1107010","2023-09-26 18:00","2023","09","26","18:00","","14.3","","11.2","","82","","","","13","","23","","","","","","","","","","NA"
"-123.30","49.11","SANDHEADS CS","1107010","2023-09-26 19:00","2023","09","26","19:00","","14.7","","11.3","","80","","","","14","","31","","","","","","","","","","NA"
"-123.30","49.11","SANDHEADS CS","1107010","2023-09-26 20:00","2023","09","26","20:00","","14.0","","11.5","","85","","","","15","","23","","","","","","","","","","NA"
"-123.30","49.11","SANDHEADS CS","1107010","2023-09-26 21:00","2023","09","26","21:00","","14.0","","11.5","","85","","","","12","","17","","","","","","","","","","NA"
"-123.30","49.11","SANDHEADS CS","1107010","2023-09-26 22:00","2023","09","26","22:00","","14.0","","11.2","","83","","","","16","","19","","","","","","","","","","NA"
"-123.30","49.11","SANDHEADS CS","1107010","2023-09-26 23:00","2023","09","26","23:00","","13.7","","11.4","","86","","","","13","","17","","","","","","","","","","NA"
"-123.30","49.11","SANDHEADS CS","1107010","2023-09-27 00:00","2023","09","27","00:00","","14.0","","10.7","","81","","","","12","","23","","","","","","","","","","NA"
"-123.30","49.11","SANDHEADS CS","1107010","2023-09-27 01:00","2023","09","27","01:00","","13.7","","11.2","","85","","","","14","","33","","","","","","","","","","NA"
"-123.30","49.11","SANDHEADS CS","1107010","2023-09-27 02:00","2023","09","27","02:00","","13.4","","11.2","","87","","","","15","","32","","","","","","","","","","NA"
"-123.30","49.11","SANDHEADS CS","1107010","2023-09-27 03:00","2023","09","27","03:00","","13.0","","11.3","","89","","","","15","","34","","","","","","","","","","NA"
"-123.30","49.11","SANDHEADS CS","1107010","2023-09-27 04:00","2023","09","27","04:00","","13.3","","11.2","","88","","","","15","","22","","","","","","","","","","NA"
"-123.30","49.11","SANDHEADS CS","1107010","2023-09-27 05:00","2023","09","27","05:00","","13.4","","11.1","","86","","","","15","","23","","","","","","","","","","NA"
"-123.30","49.11","SANDHEADS CS","1107010","2023-09-27 06:00","2023","09","27","06:00","","13.7","","10.7","","82","","","","12","","24","","","","","","","","","","NA"
"-123.30","49.11","SANDHEADS CS","1107010","2023-09-27 07:00","2023","09","27","07:00","","13.4","","10.5","","83","","","","10","","21","","","","","","","","","","NA"
"-123.30","49.11","SANDHEADS CS","1107010","2023-09-27 08:00","2023","09","27","08:00","","13.5","","10.8","","83","","","","12","","26","","","","","","","","","","NA"
"-123.30","49.11","SANDHEADS CS","1107010","2023-09-27 09:00","2023","09","27","09:00","","13.1","","10.7","","85","","","","8","","20","","","","","","","","","","NA"
"-123.30","49.11","SANDHEADS CS","1107010","2023-09-27 10:00","2023","09","27","10:00","","13.0","","10.9","","87","","","","6","","26","","","","","","","","","","NA"
"-123.30","49.11","SANDHEADS CS","1107010","2023-09-27 11:00","2023","09","27","11:00","","13.3","","10.5","","83","","","","5","","29","","","","","","","","","","NA"
"-123.30","49.11","SANDHEADS CS","1107010","2023-09-27 12:00","2023","09","27","12:00","","13.3","","10.6","","84","","","","4","","18","","","","","","","","","","NA"
"-123.30","49.11","SANDHEADS CS","1107010","2023-09-27 13:00","2023","09","27","13:00","","12.8","","10.8","","88","","","","18","","11","","","","","","","","","","NA"
"-123.30","49.11","SANDHEADS CS","1107010","2023-09-27 14:00","2023","09","27","14:00","","13.0","","10.2","","83","","","","8","","9","","","","","","","","","","NA"
"-123.30","49.11","SANDHEADS CS","1107010","2023-09-27 15:00","2023","09","27","15:00","","13.0","","11.2","","89","","","","35","","17","","","","","","","","","","NA"
"-123.30","49.11","SANDHEADS CS","1107010","2023-09-27 16:00","2023","09","27","16:00","","12.7","","10.6","","88","","","","33","","12","","","","","","","","","","NA"
"-123.30","49.11","SANDHEADS CS","1107010","2023-09-27 17:00","2023","09","27","17:00","","12.9","","10.8","","87","","","","34","","15","","","","","","","","","","NA"
"-123.30","49.11","SANDHEADS CS","1107010","2023-09-27 18:00","2023","09","27","18:00","","12.2","","10.7","","90","","","","30","","28","","","","","","","","","","NA"
"-123.30","49.11","SANDHEADS CS","1107010","2023-09-27 19:00","2023","09","27","19:00","","12.0","","10.9","","93","","","","30","","30","","","","","","","","","","NA"
"-123.30","49.11","SANDHEADS CS","1107010","2023-09-27 20:00","2023","09","27","20:00","","12.1","","11.1","","93","","","","29","","29","","","","","","","","","","NA"
"-123.30","49.11","SANDHEADS CS","1107010","2023-09-27 21:00","2023","09","27","21:00","","12.2","","11.1","","93","","","","31","","26","","","","","","","","","","NA"
"-123.30","49.11","SANDHEADS CS","1107010","2023-09-27 22:00","2023","09","27","22:00","","12.3","","11.2","","93","","","","32","","17","","","","","","","","","","NA"
"-123.30","49.11","SANDHEADS CS","1107010","2023-09-27 23:00","2023","09","27","23:00","","12.4","","11.0","","91","","","","30","","13","","","","","","","","","","NA"
"-123.30","49.11","SANDHEADS CS","1107010","2023-09-28 00:00","2023","09","28","00:00","","12.5","","11.1","","91","","","","32","","10","","","","","","","","","","NA"
"-123.30","49.11","SANDHEADS CS","1107010","2023-09-28 01:00","2023","09","28","01:00","","12.1","","10.2","","88","","","","28","","3","","","","","","","","","","NA"
"-123.30","49.11","SANDHEADS CS","1107010","2023-09-28 02:00","2023","09","28","02:00","","11.9","","10.6","","91","","","","18","","4","","","","","","","","","","NA"
"-123.30","49.11","SANDHEADS CS","1107010","2023-09-28 03:00","2023","09","28","03:00","","11.8","","10.9","","94","","","","13","","9","","","","","","","","","","NA"
"-123.30","49.11","SANDHEADS CS","1107010","2023-09-28 04:00","2023","09","28","04:00","","12.3","","11.3","","93","","","","11","","9","","","","","","","","","","NA"
"-123.30","49.11","SANDHEADS CS","1107010","2023-09-28 05:00","2023","09","28","05:00","","12.4","","11.5","","94","","","","12","","11","","","","","","","","","","NA"
"-123.30","49.11","SANDHEADS CS","1107010","2023-09-28 06:00","2023","09","28","06:00","","12.6","","11.7","","94","","","","14","","14","","","","","","","","","","NA"
"-123.30","49.11","SANDHEADS CS","1107010","2023-09-28 07:00","2023","09","28","07:00","","12.7","","11.2","","91","","","","13","","11","","","","","","","","","","NA"
"-123.30","49.11","SANDHEADS CS","1107010","2023-09-28 08:00","2023","09","28","08:00","","13.0","","10.1","","83","","","","13","","6","","","","","","","","","","NA"
"-123.30","49.11","SANDHEADS CS","1107010","2023-09-28 09:00","2023","09","28","09:00","","12.4","","9.9","","85","","","","16","","15","","","","","","","","","","NA"
"-123.30","49.11","SANDHEADS CS","1107010","2023-09-28 10:00","2023","09","28","10:00","","12.3","","10.4","","88","","","","17","","21","","","","","","","","","","NA"
"-123.30","49.11","SANDHEADS CS","1107010","2023-09-28 11:00","2023","09","28","11:00","","12.2","","11.0","","93","","","","19","","36","","","","","","","","","","NA"
"-123.30","49.11","SANDHEADS CS","1107010","2023-09-28 12:00","2023","09","28","12:00","","12.0","","11.2","","95","","","","17","","26","","","","","","","","","","NA"
"-123.30","49.11","SANDHEADS CS","1107010","2023-09-28 13:00","2023","09","28","13:00","","11.9","","11.2","","95","","","","16","","24","","","","","","","","","","NA"
"-123.30","49.11","SANDHEADS CS","1107010","2023-09-28 14:00","2023","09","28","14:00","","12.0","","11.3","","95","","","","16","","25","","","","","","","","","","NA"
"-123.30","49.11","SANDHEADS CS","1107010","2023-09-28 15:00","2023","09","28","15:00","","12.0","","11.0","","94","","","","16","","21","","","","","","","","","","NA"
"-123.30","49.11","SANDHEADS CS","1107010","2023-09-28 16:00","2023","09","28","16:00","","12.3","","11.2","","93","","","","16","","18","","","","","","","","","","NA"
"-123.30","49.11","SANDHEADS CS","1107010","2023-09-28 17:00","2023","09","28","17:00","","12.4","","11.0","","91","","","","17","","22","","","","","","","","","","NA"
"-123.30","49.11","SANDHEADS CS","1107010","2023-09-28 18:00","2023","09","28","18:00","","13.1","","11.4","","90","","","","17","","20","","","","","","","","","","NA"
"-123.30","49.11","SANDHEADS CS","1107010","2023-09-28 19:00","2023","09","28","19:00","","14.0","","10.5","","80","","","","22","","8","","","","","","","","","","NA"
"-123.30","49.11","SANDHEADS CS","1107010","2023-09-28 20:00","2023","09","28","20:00","","13.5","","10.5","","82","","","","29","","15","","","","","","","","","","NA"
"-123.30","49.11","SANDHEADS CS","1107010","2023-09-28 21:00","2023","09","28","21:00","","13.0","","11.3","","89","","","","32","","15","","","","","","","","","","NA"
"-123.30","49.11","SANDHEADS CS","1107010","2023-09-28 22:00","2023","09","28","22:00","","12.2","","10.3","","88","","","","30","","24","","","","","","","","","","NA"
"-123.30","49.11","SANDHEADS CS","1107010","2023-09-28 23:00","2023","09","28","23:00","","12.7","","10.1","","84","","","","30","","18","","","","","","","","","","NA"
"-123.30","49.11","SANDHEADS CS","1107010","2023-09-29 00:00","2023","09","29","00:00","","13.0","","9.9","","82","","","","31","","14","","","","","","","","","","NA"
"-123.30","49.11","SANDHEADS CS","1107010","2023-09-29 01:00","2023","09","29","01:00","","13.1","","10.3","","83","","","","28","","8","","","","","","","","","","NA"
"-123.30","49.11","SANDHEADS CS","1107010","2023-09-29 02:00","2023","09","29","02:00","","12.8","","9.4","","80","","","","29","","9","","","","","","","","","","NA"
"-123.30","49.11","SANDHEADS CS","1107010","2023-09-29 03:00","2023","09","29","03:00","","13.0","","9.2","","77","","","","27","","9","","","","","","","","","","NA"
"-123.30","49.11","SANDHEADS CS","1107010","2023-09-29 04:00","2023","09","29","04:00","","13.1","","8.6","","74","","","","27","","12","","","","","","","","","","NA"
"-123.30","49.11","SANDHEADS CS","1107010","2023-09-29 05:00","2023","09","29","05:00","","13.0","","9.3","","78","","","","26","","9","","","","","","","","","","NA"
"-123.30","49.11","SANDHEADS CS","1107010","2023-09-29 06:00","2023","09","29","06:00","","12.8","","8.2","","73","","","","32","","9","","","","","","","","","","NA"
"-123.30","49.11","SANDHEADS CS","1107010","2023-09-29 07:00","2023","09","29","07:00","","12.6","","8.0","","74","","","","30","","11","","","","","","","","","","NA"
"-123.30","49.11","SANDHEADS CS","1107010","2023-09-29 08:00","2023","09","29","08:00","","12.3","","10.0","","86","","","","32","","8","","","","","","","","","","NA"
"-123.30","49.11","SANDHEADS CS","1107010","2023-09-29 09:00","2023","09","29","09:00","","12.2","","9.8","","85","","","","30","","8","","","","","","","","","","NA"
"-123.30","49.11","SANDHEADS CS","1107010","2023-09-29 10:00","2023","09","29","10:00","","12.2","","9.6","","84","","","","29","","6","","","","","","","","","","NA"
"-123.30","49.11","SANDHEADS CS","1107010","2023-09-29 11:00","2023","09","29","11:00","","12.0","","9.2","","83","","","","31","","6","","","","","","","","","","NA"
"-123.30","49.11","SANDHEADS CS","1107010","2023-09-29 12:00","2023","09","29","12:00","","11.6","","9.9","","89","","","","36","","6","","","","","","","","","","NA"
"-123.30","49.11","SANDHEADS CS","1107010","2023-09-29 13:00","2023","09","29","13:00","","11.0","","9.4","","90","","","","3","","11","","","","","","","","","","NA"
"-123.30","49.11","SANDHEADS CS","1107010","2023-09-29 14:00","2023","09","29","14:00","","10.8","","9.3","","91","","","","5","","12","","","","","","","","","","NA"
"-123.30","49.11","SANDHEADS CS","1107010","2023-09-29 15:00","2023","09","29","15:00","","10.8","","9.1","","89","","","","6","","8","","","","","","","","","","NA"
"-123.30","49.11","SANDHEADS CS","1107010","2023-09-29 16:00","2023","09","29","16:00","","10.9","","8.5","","86","","","","32","","22","","","","","","","","","","NA"
"-123.30","49.11","SANDHEADS CS","1107010","2023-09-29 17:00","2023","09","29","17:00","","10.8","","8.1","","83","","","","32","","23","","","","","","","","","","NA"
"-123.30","49.11","SANDHEADS CS","1107010","2023-09-29 18:00","2023","09","29","18:00","","10.9","","8.1","","83","","","","32","","25","","","","","","","","","","NA"
"-123.30","49.11","SANDHEADS CS","1107010","2023-09-29 19:00","2023","09","29","19:00","","11.2","","8.1","","82","","","","31","","29","","","","","","","","","","NA"
"-123.30","49.11","SANDHEADS CS","1107010","2023-09-29 20:00","2023","09","29","20:00","","11.3","","7.5","","77","","","","31","","28","","","","","","","","","","NA"
"-123.30","49.11","SANDHEADS CS","1107010","2023-09-29 21:00","2023","09","29","21:00","","11.6","","8.3","","80","","","","31","","32","","","","","","","","","","NA"
"-123.30","49.11","SANDHEADS CS","1107010","2023-09-29 22:00","2023","09","29","22:00","","11.7","","8.4","","80","","","","30","","35","","","","","","","","","","NA"
"-123.30","49.11","SANDHEADS CS","1107010","2023-09-29 23:00","2023","09","29","23:00","","12.2","","8.7","","79","","","","30","","33","","","","","","","","","","NA"
"-123.30","49.11","SANDHEADS CS","1107010","2023-09-30 00:00","2023","09","30","00:00","","12.6","","8.6","","76","","","","30","","33","","","","","","","","","","NA"
"-123.30","49.11","SANDHEADS CS","1107010","2023-09-30 01:00","2023","09","30","01:00","","13.0","","7.8","","71","","","","31","","36","","","","","","","","","","NA"
"-123.30","49.11","SANDHEADS CS","1107010","2023-09-30 02:00","2023","09","30","02:00","","13.1","","8.2","","72","","","","31","","34","","","","","","","","","","NA"
"-123.30","49.11","SANDHEADS CS","1107010","2023-09-30 03:00","2023","09","30","03:00","","13.3","","9.0","","75","","","","31","","34","","","","","","","","","","NA"
"-123.30","49.11","SANDHEADS CS","1107010","2023-09-30 04:00","2023","09","30","04:00","","13.3","","9.4","","78","","","","31","","32","","","","","","","","","","NA"
"-123.30","49.11","SANDHEADS CS","1107010","2023-09-30 05:00","2023","09","30","05:00","","13.3","","9.5","","78","","","","31","","29","","","","","","","","","","NA"
"-123.30","49.11","SANDHEADS CS","1107010","2023-09-30 06:00","2023","09","30","06:00","","13.1","","9.6","","80","","","","31","","31","","","","","","","","","","NA"
"-123.30","49.11","SANDHEADS CS","1107010","2023-09-30 07:00","2023","09","30","07:00","","12.8","","9.8","","82","","","","31","","35","","","","","","","","","","NA"
"-123.30","49.11","SANDHEADS CS","1107010","2023-09-30 08:00","2023","09","30","08:00","","12.7","","10.8","","88","","","","31","","31","","","","","","","","","","NA"
"-123.30","49.11","SANDHEADS CS","1107010","2023-09-30 09:00","2023","09","30","09:00","","12.4","","9.8","","84","","","","31","","39","","","","","","","","","","NA"
"-123.30","49.11","SANDHEADS CS","1107010","2023-09-30 10:00","2023","09","30","10:00","","11.9","","9.3","","84","","","","31","","42","","","","","","","","","","NA"
"-123.30","49.11","SANDHEADS CS","1107010","2023-09-30 11:00","2023","09","30","11:00","","11.8","","9.3","","84","","","","31","","39","","","","","","","","","","NA"
"-123.30","49.11","SANDHEADS CS","1107010","2023-09-30 12:00","2023","09","30","12:00","","11.6","","9.0","","84","","","","31","","41","","","","","","","","","","NA"
"-123.30","49.11","SANDHEADS CS","1107010","2023-09-30 13:00","2023","09","30","13:00","","11.5","","9.0","","85","","","","31","","39","","","","","","","","","","NA"
"-123.30","49.11","SANDHEADS CS","1107010","2023-09-30 14:00","2023","09","30","14:00","","11.5","","9.3","","86","","","","31","","36","","","","","","","","","","NA"
"-123.30","49.11","SANDHEADS CS","1107010","2023-09-30 15:00","2023","09","30","15:00","","11.6","","9.5","","87","","","","31","","36","","","","","","","","","","NA"
"-123.30","49.11","SANDHEADS CS","1107010","2023-09-30 16:00","2023","09","30","16:00","","11.6","","9.4","","86","","","","32","","34","","","","","","","","","","NA"
"-123.30","49.11","SANDHEADS CS","1107010","2023-09-30 17:00","2023","09","30","17:00","","11.5","","9.2","","86","","","","32","","35","","","","","","","","","","NA"
"-123.30","49.11","SANDHEADS CS","1107010","2023-09-30 18:00","2023","09","30","18:00","","11.4","","8.9","","85","","","","31","","35","","","","","","","","","","NA"
"-123.30","49.11","SANDHEADS CS","1107010","2023-09-30 19:00","2023","09","30","19:00","","11.5","","9.0","","84","","","","31","","34","","","","","","","","","","NA"
"-123.30","49.11","SANDHEADS CS","1107010","2023-09-30 20:00","2023","09","30","20:00","","11.8","","9.5","","86","","","","31","","31","","","","","","","","","","NA"
"-123.30","49.11","SANDHEADS CS","1107010","2023-09-30 21:00","2023","09","30","21:00","","12.0","","9.4","","84","","","","31","","30","","","","","","","","","","NA"
"-123.30","49.11","SANDHEADS CS","1107010","2023-09-30 22:00","2023","09","30","22:00","","12.2","","9.5","","83","","","","31","","30","","","","","","","","","","NA"
"-123.30","49.11","SANDHEADS CS","1107010","2023-09-30 23:00","2023","09","30","23:00","","12.8","","9.7","","82","","","","32","","25","","","","","","","","","","NA"
